MSRP-new    MrsP-new    PWLP-new    MSRP-ilp    PWLP-ilp
142249    479187    77630    148383341    254560707
399508    1704920    2462016    223533175    687915224
139688    376007    1651823    165296403    428570755
1841256    1053762    1030988    257198693    500852766
272181    1605165    152745    244700927    358446717
198305    5297979    507630    222981378    264429509
924278    3726813    349434    188359210    249229314
1331788    3130042    546478    240940200    314177653
564299    3448707    316977    242719594    574278578
848831    658726    838479    258016165    478776795
7974236    917997    1958142    940127201    486377683
1157998    907381    587117    167705044    259660702
338855    1170752    144177    184363679    353037857
328098    1150231    118208    281634589    313611142
1056520    4725886    563758    225468249    431914455
424463    3328333    964420    219381119    451693082
625076    2763154    416593    144930692    226604177
74203    127057    484679    198608867    447374129
602821    3143386    339288    262351678    533032472
232097    271627    150716    174314691    227686776
495529    1031926    256521    207617455    314610924
751458    2897483    429530    180680342    288499315
896449    3855945    422361    171525718    280021961
984284    1586186    240645    145180360    233796451
1338695    2755751    723046    308181877    495011459
1820281    8576293    821569    180018316    220985840
404515    1531059    226827    179343962    273821819
386337    975251    454000    174592605    232913770
1143923    3908455    520964    219338069    409861089
135453    268466    38409    279467613    574175800
1600288    76324    747682    172103807    228524353
1349961    6826744    6833052    156992668    1911708550
460744    1133117    178650    192055456    371780712
188595    553026    70275    337129043    462861301
2107208    7690755    914180    285040765    572983765
484670    1198614    550393    179690608    297788914
129625    213686    34503    194744436    212824609
34775    76480    614951    259512701    318970068
1607056    2986613    1402932    173887573    487538900
1043127    459230    251777    309198966    497956905
36894    92455    18940    236549623    324734651
289369    775816    263112    168578661    363329950
1278548    453311    718816    210031501    284489804
1898947    4955492    653599    232059279    317417690
654798    1953252    353337    137069635    170921737
940194    3577127    404533    213448337    280139277
765077    2419581    279509    181204583    379418468
288735    909632    130872    199658066    244407094
27823167    1995185    1196334    2943243425    483634814
452261    2545878    200196    289133345    429520565
293293    893894    133726    193251458    393094781
874480    3841862    457431    170191908    274974014
688680    1676939    361906    238797612    354247999
1240164    644938    642690    271420436    405995237
1814718    338082    518530    231444789    427009776
2586361    1167759    1115789    340932630    460042935
316013    272959    142025    201533543    365928210
1194932    165400    971165    223077946    250983102
2453538    4716389    1185161    228374047    338877510
107257    227184    34911    207222340    411111126
552657    2715316    246959    190839741    433361068
789540    211119    400541    218731749    392245936
194104    831064    90740    150424880    246504349
95569    254645    35228    303193362    556418975
107036    217208    44762    192854303    289601887
689156    2655145    309238    165567590    285877741
66415    134833    18144    195277075    238280009
30171    39475    199863    275316898    652777527
1721174    1543745    1321402    158275007    477393588
2178506    452050    1265488    302854491    522530349
40208    120817    23184    170886918    240546119
60520    137444    21113    245753584    376638606
422969    523677    215987    211358599    359027534
290555    1464807    165544    231889942    392376906
57225    231010    564667    410314918    761328760
467764    734383    328649    198632512    396557232
1141556    4414819    583529    138997975    246048052
628174    2673449    352339    167256654    224004182
728375    2740944    340454    123314382    157841148
1021281    936621    518887    241928400    495744354
518617    1812108    288728    259272331    432429642
460483    873627    222644    187842808    284826369
242110    1223747    148287    320986080    477236115
1454438    4147164    818922    141632170    279058143
61263    141169    25840    145768426    270509362
1607191    2662105    838069    217718811    455703346
328376    601589    77840    175538383    315765117
1059326    2191079    347998    139496577    210394338
1343169    6337240    783285    235125246    360714396
897554    642052    568518    97685486    162034756
615609    262461    331347    232781706    367896779
789706    165256    341723    178784383    332544827
111526    2083199    99746    207292989    543873254
715366    2245507    380589    202655502    530372774
1369915    3436189    740562    159625529    200182228
22813525    639871    5889028    2881684784    2346742861
386256    1915331    194304    153982568    251005259
2322449    4241690    1127273    286684890    391890506
672432    3172004    384311    206091459    411145124
172074    684010    153647    206553467    365837496
610082    473976    395386    215022235    429593547
395213    949623    149224    218726544    307612133
7813154    11964594    2732738    1103396508    927817408
6788411    5066108    1670395    732655545    474051800
1537783    449158    1516745    200076342    788906273
684532    2607688    284695    211600067    363759368
1029314    4864062    1474945    199645542    548873853
2431616    732644    1143197    340355308    433011069
980467    1004239    531896    249413557    336501838
152261    270119    37301    266732080    480182806
198075    757387    92969    332920378    475331231
972866    4795865    1017792    219791940    266773828
459010    1122631    155314    237230298    270445217
1329299    2359059    540628    304048211    493767856
1421750    5472676    602369    196539636    370615791
2299538    12198521    998781    272720091    309008158
41310    28808    36815    154965536    292245179
975412    1506429    449067    289842822    475495437
563202    2183906    301388    347750859    576388631
127501    216979    32544    300947772    566490178
25832    71336    12811    200609305    295236609
139736    447654    724159    185601344    252717723
859466    182448    413289    174001189    296665390
33755    20389    1689573    179154415    485289365
315681    107015    140544    213735833    437365064
718364    1648849    832633    192609777    238049717
3411775    124005    1812102    454307239    607210167
671778    3108934    312764    227144430    377333526
350890    2180474    190736    210849371    386568753
222935    861702    90201    199704571    259802998
639705    2332298    334647    149907430    211184615
938640    4742393    387822    247000603    232701018
446721    2246451    270067    177416518    251422487
1180737    4152292    599586    316786694    524541771
845839    5001551    507770    198130368    437679542
383133    2630126    258610    149644762    234700137
2128519    7245578    1061229    260429657    366424386
2720657    189254    1150758    386027728    445915413
39451    190695    19565    243304043    349220828
112694    441612    62482    284458133    673771193
618012    1055998    336913    146474433    229538044
403839    1802004    186362    149376207    307980080
83893    215099    31046    170360484    280380127
1897768    4000260    22749450    176917867    5505119719
505412    1790466    221420    213216103    361594602
15899685    15992770    10633057    1505125181    1644964411
448902    1768059    211022    134149365    212379252
69190    216069    32324    244742413    414591240
1391288    6514895    627976    232848708    367008300
17453    19448    104505    242098325    413303189
209345    969736    111766    228434347    317449252
59225    76447    15375    329806414    510661920
927483    4126343    474173    186737102    273580867
273578    5637179    533981    285479281    497797792
945064    4646690    475049    266093532    363457875
1119238    5707029    1757522    176905431    471182915
890174    138948    398865    173976598    255442786
459900    2312862    311483    222720513    445173291
2944576    4175327    1584318    360269755    373928290
1764259    246408    746061    234144010    551605087
753935    467648    378976    206567479    300400206
1608441    133779    870113    210721869    271664710
947280    287002    528404    212237532    389488793
1735408    7766120    837938    199915027    300383683
19854    72396    164370    204819661    394894553
112779    577668    2187358    215331713    543830597
1481444    8560381    719449    188404760    337771868
1799014    8143412    4188666    178013169    621358904
432086    1485384    225492    212183975    388446644
4606096    162061    1133179    800903728    576623939
13476    1006694    154387    188692166    429934449
393857    2038412    1607175    191480030    496060780
264462    993198    118267    208388773    303922168
1320493    7131475    736954    171757929    280721736
278619    983858    114692    166204289    335094567
182406    590351    73715    243721987    294222882
2078384    11639960    1175889    174326202    219805089
15835383    18055527    10163936    1488555647    1833171462
692385    910200    333670    188754624    369730936
1947838    231898    3546177    168545910    558367406
105661    63119    43856    145366096    267839861
389896    1279952    126495    161708596    238881722
1516375    1112703    831508    229567606    546652246
240446    1944384    170548    397219320    682797380
152373    617231    74141    135821113    242890341
185752    880336    422887    270083283    475169958
1832749    136192    721274    170979039    305445638
2297444    1272097    160473    363485806    168554838
436121    1904704    647745    215549773    377343691
116173    349701    62926    138228118    270284889
1153255    5208764    537515    362899467    542237503
2151859    1343391    1188679    367879147    479869152
121265    239616    1092348    140695926    488136571
3573538    5368881    1929161    498736189    294537546
224469    722296    121810    239520628    359620717
18235    38685    752351    165745526    201858306
700841    179000    650341    213095096    377000459
890829    207358    676472    190805508    381614246
10110783    12111199    4410677    1147383306    1113455050
551150    1972568    205752    251167308    403918798
20359568    10964632    2001604    2573584942    631390617
1505402    229072    689929    342453938    615081724
1004608    4908303    535239    152180514    262355341
1277367    664405    594404    220131236    283155561
36119    145317    21400    153735917    300783415
111673    351138    49015    182381711    272149954
120351    263281    42597    325723633    462753180
557474    2571931    249556    191429486    313408800
496550    1578752    201181    222763379    255219103
1480851    1178862    100367    234835094    383848200
314353    1128025    130804    222936110    377433250
2208626    630125    334602    234572976    544045098
198194    384640    157772    264464500    602790967
656351    3649075    400198    292139117    606168425
647921    552156    309544    188130508    258875990
450722    1443051    190037    142084494    252635591
4215986    2135769    735397    432221404    229112653
2094369    152957    1196484    562883195    1194896839
970821    3946385    571825    208261267    360289287
838171    4396415    449225    255805834    275663234
796079    221430    455395    258860310    443806769
1382081    1582062    864294    197309121    445683557
165248    1247997    180011    235737611    539011704
1281978    242706    684223    132152866    178503415
1243659    4996544    687883    165896698    316771358
931691    1349788    527146    166299131    256772177
1113704    4292511    457734    292464495    482574691
716538    3616794    1439578    147832971    453597250
1496787    2914254    801870    167337171    325611732
34288    2607527    17360    228423749    331573135
1822753    1851303    1049659    208272199    309618586
1032804    578546    512323    175920243    266986182
555907    1708729    217734    222771183    324516508
24687602    5698636    14341490    2641763996    3445651959
595525    2848071    326227    257868229    414566448
213003    977759    157880    188318830    316307570
653983    2479929    328195    153017991    283404697
1326106    4801219    785578    355462813    549688691
330014    2903305    214478    207280053    390915300
767087    193129    265693    213804779    269163275
44628    194229    34315    178991078    231648193
1383827    1769424    271020    194502584    294302547
796111    2640156    240142    299462980    393131337
1324143    2025465    589646    174977516    193183148
1185758    4903946    601711    145134323    186573830
314250    1476435    135561    237126466    452895618
567929    574020    290979    181824499    351001044
449434    947748    288422    167372268    207950738
884972    4178372    711069    142060158    242324097
227900    861123    106537    168536755    297328947
175338    673474    149548    317008376    918925628
706572    1351322    882075    202738352    309141682
17075414    8078851    2824772    2465179333    547836053
1181494    399550    735350    127833810    191597295
68232    72889    17625    216537651    346682392
563032    2015149    219579    145973142    204430908
89063    218341    26758    211065683    330152557
693033    3380887    353879    272207098    523985457
26762399    20328728    16105130    2565171395    2716467625
515240    3309255    271540    166468371    326583039
559494    2496925    816021    166549826    321824083
2036864    265034    473405    172228402    240456443
22061849    13020167    13304063    2073468345    2186619028
2406208    1516697    1228934    550297431    551430118
1348262    4901246    1621909    148399154    391831218
553579    2312080    351858    120925796    236013188
1280836    6751493    638769    182889340    256642858
76526    251159    43686    187226116    345288318
462412    1900484    268327    116832023    166864003
402377    1828691    244147    216048633    339173621
159124    926153    103293    145592492    189991669
1957421    11572319    1109976    162351468    300334487
523208    1581299    224746    221724450    340249754
212768    76085    115803    230772052    353512859
103472    252013    38321    218090423    466262889
2380432    5652486    1132408    211860947    326071815
296854    664301    86203    201056806    292087742
326500    1548525    238981    228511094    350325738
717346    119578    393417    316231846    441796036
106485    177909    56442    151780550    257739256
203478    666401    81816    197463785    300537693
376710    1793778    214217    225848267    546675118
29456610    32666893    6254810    2852831763    1217341545
978963    4455172    611724    187644837    490837606
58388    184495    28946    199474966    383870599
1081079    170095    550429    238972835    460776992
387821    1739424    255832    184470294    389445261
447553    2705736    335084    167685106    238385868
327769    1523767    396413    213470286    255614047
1382226    4132512    634336    171346775    212230795
176653    808952    104121    124958196    203826165
26065161    14755670    2684972    3430797898    806187663
206902    830115    113174    212012760    410918219
1147262    2878622    291871    288048605    539426807
574846    4524500    851476    186287682    326311642
182300    430163    1191408    185819616    464955419
991047    4195219    423864    167268178    187984806
1638503    8315756    736937    169522384    301590047
21865    42318    157029    221105913    527512035
807136    4073143    447798    280975564    737081071
112301    182483    36670    176689827    288532417
2126401    151618    19987043    197771113    5110768990
657405    3534308    358950    172409098    227383731
348998    1397674    186840    223516013    378080204
452598    2559542    796076    167707762    274684981
201732    245258    155173    152488798    234337543
726848    3616381    454228    314694529    319519173
133961    414237    66057    180562094    351979391
1872734    2223077    983363    191260124    364448113
1448819    5410120    777890    168918308    243516445
310160    482322    69313    192447680    377480575
841048    237660    180643    263456841    424210602
562840    2148517    211776    296931212    646105713
1212500    6600656    657044    178066640    384546949
2009304    1501214    1023546    207511663    270266914
935285    146059    362590    238008725    404450295
333540    1129752    130833    145842041    178120540
1171033    233046    1074895    192040523    1164262752
85623    248074    28333    238165038    363294086
83965    153069    28076    303289476    633719523
402946    1825447    234062    253407274    441933844
81996    171680    23123    159424757    259474467
1185224    6575775    655242    161300857    311627276
1497714    5349380    789439    239706833    377928779
754176    2943465    325645    167072307    177112105
320056    1588800    195617    353001039    667480445
197781    1543780    122914    206837928    581575801
14391787    1361366    1487051    1602989388    483995992
1247520    4853341    632937    164981895    223988802
1099457    1619721    616701    220022058    520085893
4827199    1170953    1154443    636664095    552544857
18708    59733    14944    190891299    387630372
2045473    1742545    1101817    299901689    177622998
536964    3368929    337994    215557425    366629537
873092    5182334    480898    198076361    302990193
1921841    7564509    3727090    155479899    851450748
843437    2742171    396632    133119651    174632361
808158    5342090    1249059    184049127    396195476
818044    698531    469615    161730241    296925238
932241    4333965    512553    140978480    209085065
301476    1617034    242446    180532874    359835411
102822    722030    269882    155732229    188580567
110805    366819    53535    312863022    537328975
887915    3857441    499505    180133632    434462937
863696    2438775    469593    178673433    235579211
34735    38544    1503339    147487036    358965329
173682    1038221    2037970    183065245    575432633
693745    38750    278272    218772142    266487090
2143084    8121331    1212146    248484498    512751410
30218    60184    12986    255206122    469423220
866797    4260104    556579    163931844    252123179
1615998    3109915    913764    165996176    262803269
1821910    1055920    906285    191352892    336984951
667612    4681253    262405    192610295    344644076
890831    3266517    388199    236393874    464636583
25090    974692    660893    180699350    293106558
1429843    4889637    742861    152026741    264065385
409497    1065141    151834    145384206    256523626
24585573    4248870    2624033    2901401849    822358658
778905    102898    535031    146350878    350093529
1232001    2241598    1525699    202348721    230010625
1100512    658440    447718    236161181    283239473
1003175    2375922    507585    268542360    342973528
88404    179420    28953    249093555    504317279
1123313    3474387    521900    214047087    470975344
259103    227734    567658    229777927    420116299
64424    130725    24235    146439012    207628888
29067    35623    10148    280257872    734775903
426512    2023649    301572    263054260    395367881
1124404    6733558    674609    289464460    391630521
1950043    8915693    932852    188694131    278998407
2285350    4814357    1146437    285428427    255016964
24546    51662    11850    254719337    479169729
528071    1539294    356401    191302449    302139362
62046    125873    22816    192057213    278702477
641842    1112912    260379    307673727    576763672
1831003    431911    948512    188676270    247415485
20136793    6822651    1711244    2613635856    556604906
875176    4209600    406257    159319723    233108284
118258    560971    77664    201093702    292534603
1908125    2358435    1299823    157268590    497153869
217002    503220    96699    191754697    252237425
44240    157225    56342    346675171    667691961
190710    818257    100022    198097308    231915056
745456    1056144    306201    213923061    528094378
872594    3381268    357747    163911342    296962766
61086    80055    1037797    177741433    503153543
1391942    7353416    830806    152350339    245092984
431136    1378505    1932543    140471098    456551567
2067584    5369038    1016727    213402831    302190987
140099    281799    34733    286009333    438623063
265563    982614    105324    332209235    806342367
24558    94851    19021    291727779    857271206
847372    3070927    516535    182827431    431540913
1097126    2220859    518434    221926581    395618991
349272    853194    186862    196170465    238313954
581302    110748    745098    303150332    605095134
7445337    2423708    1336443    850988065    418572656
8099475    3404838    4130999    843266959    942518852
86982    192824    59914    201042835    277166546
2125752    952262    771584    389928628    279863618
1147257    5213996    997474    180281504    244640486
413854    1475606    160747    171494125    233982470
356140    329501    182733    217341062    327652956
18341    43411    12380    195811726    390634528
195232    1481363    158997    191737236    318809014
526452    1897969    256890    187882659    419057866
23754    32062    61515    166401519    277628857
1261440    5441348    559910    335856186    469475042
738156    631711    77326    200560037    324918401
150540    51001    67989    160682569    269931445
89188    204921    29062    265357255    442565492
448492    3123296    294081    180147191    433834199
22036    3383590    419489    179625855    231916828
1265852    5707678    753934    148500741    204905296
123420    340166    38442    247742872    348632169
27830    60156    12689    232033503    607557885
1451921    3334549    640992    338175452    685693103
36384    49344    299084    221424849    378591529
163488    399259    66322    255751497    479572108
333949    1549522    195753    189404838    232319902
1279784    568085    656378    148479564    270118711
197142    958122    149368    194115131    232955161
1140662    6226321    657425    240483336    467153753
1131824    817781    589327    200348005    369436308
106004    331702    63270    241461054    521498453
318104    1334257    136549    230681581    497526541
931682    871078    526535    222205619    417123685
1533433    369080    835902    173186855    248946928
2416101    198395    1255369    485032761    644343297
39100    39793    10771    346619454    1043254862
19534599    3489173    1528244    1961047648    414270104
76165    171750    25629    181936165    179090549
560869    2317773    276585    177895276    287980471
1049117    7623086    631174    239318394    528946331
1166443    274164    689104    253645328    343935599
404403    1350450    167326    227319517    487126532
842655    3999829    445204    201055668    332096319
878328    4561308    527411    229408427    365344973
344396    1463137    182352    186734356    249739183
622039    337962    280877    256747981    213029440
206417    133829    117013    212486609    561764243
625651    2832040    366846    251599362    490952130
169426    133987    419602    232047921    499602664
1315397    6421174    643279    238306301    303027968
552497    1563785    2236294    161809031    720803912
421582    97597    27317    126516800    284857426
657584    2119037    247421    258286007    309421322
484204    2442799    291105    244331379    407762911
924646    4821464    415718    188992767    201457129
532185    3059297    220992    191230652    198558568
1034133    6281272    635294    154488812    256255578
428066    2096261    213722    274232055    541098714
209224    358089    64969    206207159    356618176
126553    350953    47498    229112783    328350995
518611    1941824    1146212    165532397    175152314
1071353    229552    506899    132424114    215117580
25500491    28988082    21796291    3514846124    4628943797
1165966    3062100    399951    144320803    158141972
693221    117262    394856    223397110    385500518
931510    139851    446322    195389238    243875150
949104    1796255    452796    282682486    468967409
2660948    161523    1206691    476463637    451134628
328686    2182395    216068    204918149    343776418
315430    1478389    137185    234112246    241040926
63572    87895    15388    318888320    561757019
988231    33314    546963    266409904    432708172
58780    207816    172785    236065822    312275770
52035    159455    215722    230720790    259820132
476522    1778741    239246    260725616    536695282
27513    421944    322203    249910609    338992739
89541    150673    27794    215239488    427907982
260815    1113002    238140    173167413    240069864
859661    5154454    536359    241494077    526048348
1339535    4724309    703854    174831922    346299720
131002    337720    77751    333101513    398067948
34352465    1472920    1565051    4033383905    522816248
291469    1648074    181038    226936408    300385530
1134476    3925947    787457    207887419    253141932
254785    694655    181547    176353987    306414112
421260    1699760    203373    171092951    237330313
268238    761416    160893    228497897    512744134
88597    106966    16173    285171733    723258478
1193850    819671    722182    175792629    284025337
47127    180669    26249    203534631    320754308
286387    1272466    164419    131631542    254612172
234416    863850    305735    225504810    559420809
341721    970385    139392    214175896    325216997
843266    3869988    416121    206281639    354280551
854687    161848    5281118    120977633    1200587581
143591    579865    91989    211042428    390118459
839676    4592545    389640    238931587    326927050
454216    3448304    1584217    154302624    410554750
24393379    6427996    5232292    2338611617    792334581
3597123    6168186    1220346    524160232    456474672
305320    1009272    141327    213226503    461378760
648232    66086    354682    220629702    399400602
1363975    6660320    839831    211043464    332559630
714128    129282    24726    201376726    466330488
37128    31714    910070    268459941    312956880
1208504    1879182    706403    244128212    417751447
659171    1593391    135100    189406484    293839088
1542428    5590190    793098    218930962    344067492
276431    874755    113270    244643429    374189925
714145    439093    486758    230500303    485945489
556814    2312449    396598    192031548    368670392
427244    1983144    236822    211682423    385160477
423728    1752370    806335    186908071    257329187
197500    504172    105403    114484297    163979675
57092    100578    18130    172436655    356343546
432334    107468    25126    155044675    279794183
35352    80141    16529    245760184    576831373
1351987    1128255    806114    164355627    307772067
252792    615265    83328    197393445    191622144
655899    2616824    297510    227343617    427782046
917833    1055176    505056    321528058    770924877
247874    1038649    124496    188993938    290036686
520706    4032525    302560    257530396    572871200
78574    202913    51646    278799506    431716421
1032285    5403651    564988    131921914    251623664
97025    217799    34302    230057664    374082270
1429183    6410949    678076    172476423    240384218
1289148    222314    681038    210507616    379526959
1175693    1431623    2387862    196999483    767823661
688703    3724231    424415    184576860    292197797
1197332    2051621    557950    204559853    216514892
391778    1760534    833801    141486596    209400798
104281    302631    41900    258738789    380674708
228707    770645    106484    202777652    339337113
1247805    3018833    559845    197139222    333455296
328081    1441974    128354    227502797    417357072
398432    4177025    977756    204809897    288602676
446608    1515916    182650    161809444    269903276
1192772    2428405    523706    259408691    363286541
1770824    11717326    1032674    184905738    315783122
594648    3371631    272918    205397691    308537944
217137    783499    93352    160879089    225139823
664455    3411950    460149    245319052    548980520
1621342    899580    832452    215189887    337485730
1273382    4787416    542432    219298999    347667611
355884    1616823    146973    174515217    296629780
289121    1213731    706548    154828076    317654337
66118    193658    33540    254724279    550744535
569060    2457575    376288    223839953    369127134
743438    2953152    424246    295050916    431291836
27291590    6692345    25804682    3397076989    6617455873
93536    207219    74085    165174088    381677165
121831    445522    64223    258958694    619788351
610936    1430646    233456    206439309    264505137
786331    4220158    1936737    158505633    484369610
99867    303633    35322    268248472    299828684
985616    2159908    527335    220823365    372600636
578544    2958347    354422    214975367    450935219
22322    27166    108202    223011863    399142577
1665192    309178    718252    330715196    489716736
379276    2791590    575263    138693477    225567006
1234646    2737153    701279    175494965    265246984
286659    1146986    1092041    140910624    460951602
2490411    270326    1130712    212344693    220486439
648542    120323    102186    266667885    428371146
949965    1373028    531498    240941724    487313006
222771    1031080    154763    122057861    271828517
1348884    6709799    663168    183922869    245370946
1183280    97421    593490    195820840    248244203
2153541    12602018    1041403    169936206    234851975
1721556    4608147    852187    191405549    187918471
171339    1026336    111709    139169297    247255307
32402    21650    183186    148416024    223131948
2007676    8674143    940575    179200273    184587750
44219    92526    16574    209929790    432183980
972210    4876553    453270    247080976    437015279
1216683    724310    573868    205908967    253979510
10305348    9954439    3738509    1178101166    961910604
66758    220376    32749    232684797    335490890
76513    272458    36345    179627853    324473718
582929    197623    317409    168730675    292674775
151723    1057439    10701092    117728158    1881267396
255560    413458    1289316    130079110    565430547
1293961    6755597    623204    228148960    410321404
25492427    10446886    2998789    2849829721    368622110
1426762    7010606    627624    231309145    375346670
530716    197218    283236    190182394    344833731
641161    1706645    265142    208433728    325738851
2379475    207421    1103244    312824577    486530348
337099    2162671    117699    248899628    372726894
22665522    7496895    16413317    2769010841    4564583822
1603639    8236508    841771    146177030    233097835
230639    609218    71757    267527870    369228825
28042    38009    660401    118245849    195666038
1218076    3189298    558529    294847346    573924734
18901834    2674333    9210845    1651062671    1376630600
3150318    1858634    1355801    555207302    678251572
2119478    2661236    959423    226601679    233230165
640239    580338    86302    238623439    542637062
22609    75205    15185    246331425    508812070
91752    310164    38825    282342996    427121001
898730    5875603    1002257    163946479    292358886
1184567    3120583    542191    169302948    281436028
438212    1230774    205082    172874868    219124937
214035    511481    68324    290937318    398645431
422229    1822901    12672919    122188269    2485410412
1116560    5080343    498424    142639145    232570084
117326    246875    42806    178954818    226164865
730380    3508381    484369    194818712    414930785
2603579    4395578    4266914    237853909    1062302326
778772    86758    19005    248633528    485663653
1522998    1441228    1892220    187265114    253710010
77185    158885    29164    186814784    332588572
48440    138737    25837    213313854    450631428
298685    859737    157796    170926313    249031316
45092    182440    23162    157743941    311503137
325980    1548180    194189    248980937    424090220
1151530    209487    550764    202649745    551192158
661594    2488277    274114    173635014    293336300
3986290    9904720    2089332    375165854    463930602
308628    174335    163039    174413196    421923804
871651    4673109    471101    212185321    396208030
345462    1721817    187241    177510618    279068436
90976    317156    31542    262936180    418450917
830169    71145    380766    190853997    285999398
345557    1665832    509067    267842772    341859143
1032293    1220873    662750    206250799    310164935
6057715    5908455    2114798    600102859    490499745
1083999    1435850    660754    191371763    458750402
1930062    1229325    1354925    185681218    546166210
584964    285869    345760    304267134    395411362
339828    1513962    138069    331110739    585714884
228443    676291    101265    156314551    219383072
2926613    2611832    1362386    410091307    395441953
468178    2117644    428971    155792655    337095487
1007399    2783064    618394    192750810    213865720
227332    975146    122801    203084244    509646740
909389    4702404    445525    185839557    278875243
1113878    7064489    651965    224651446    254727159
419199    2042584    285796    198555791    391198593
1494436    4509082    810538    169489718    334862495
1957208    1165994    127583    189066750    289059612
486799    2733075    329807    217083904    236497645
242824    1052385    119873    171845468    245483545
782173    2313525    307526    205907163    189036530
494077    1743099    217111    158809996    179309069
492110    2999315    226011    308241639    439166183
461898    1019024    265482    210552721    304490684
427402    11082863    1016603    241133049    362203892
249487    523782    72100    232671694    772825666
73005    219403    30207    212971407    373512132
1763393    824200    1073428    268851488    591827192
694138    2548012    258143    185173074    262223761
1982777    9265555    880897    185881833    225138497
2161124    805684    1249264    232221243    407087420
602399    1246491    308301    221252509    462424454
24190    1376770    189450    255870069    402179028
1661977    1672200    216757    225852231    233134664
1288780    2782766    3163259    216591681    937300784
65916    127393    21387    230467603    307122304
1291382    263602    37693    222861542    378509891
455396    1930558    294496    196713768    411144862
2887774    2898604    1461229    424032879    472663455
1558501    460919    881828    160540494    328893810
620354    3185234    326548    193436129    399507329
1366388    1068995    551318    181126267    266297275
1940417    3128380    3708902    211398206    924415492
496332    1702123    185041    219373414    289051156
329926    2136540    208413    210187758    300050063
739558    3630943    379782    237156014    339467691
105592    174233    47087    162984113    213889171
450476    1967750    241357    236270368    416113513
395280    1038026    194977    228363777    583845346
1478914    2290981    807227    171200245    304240864
894028    6044925    438161    185175752    191236103
542108    1746554    1674995    176315629    638259618
818020    2820551    313504    257373085    357333039
715537    2744251    317494    202128237    275030541
298028    862277    120839    146994301    167980586
97214    181920    28954    195034215    237993192
41395    56677    12331    171301517    195888933
381901    1808453    179796    197868507    327944345
351225    124887    209994    192849089    441034799
136786    284526    36473    250050055    591110666
951459    281275    507522    257767954    300480794
3016001    2221335    1244989    441421454    205537806
1498250    6722334    813024    171945602    252377318
344684    1823590    16302125    146314695    2017859229
923822    5181307    469495    265894942    441774220
287959    4493785    607741    202066904    269863710
856092    2861604    702717    105460320    154586125
392755    98685    193351    217750485    373363705
149161    175624    142693    159735459    244303857
1589577    6490897    681724    167140866    190117556
440901    302375    166312    205010054    284761306
453228    2193955    209993    279244850    667958961
499742    129438    241546    308332497    449668727
1060423    2508145    638864    165128679    434708819
89950    1748368    298817    183053146    454263258
372501    1091450    168573    299307798    724485686
1387589    4120411    781480    137010219    253368772
604794    297643    272849    244262140    406186622
286068    1611411    137903    197784729    297086366
197465    830655    160225    253575051    411582651
424550    2103385    261943    184808782    315005476
505447    1618082    203792    138501852    280427846
495088    1872890    227119    171811591    240348597
1852048    7337275    883529    222542117    289392767
192018    656541    128504    296997664    603963172
85368    175703    31440    270461546    560785106
1528936    717871    877999    174756485    323106322
498525    961101    142349    226098140    450449477
944196    3848367    371599    181137987    218283663
262550    578553    154692    180401480    319750990
1116070    120977    645710    168028339    236218237
50654    123149    19909    240016629    388109974
32428    953177    103864    200797826    304554290
208288    142150    133732    154507296    210862918
478758    1850404    188017    178780094    274767908
1296506    1302095    790786    208286549    473631336
759616    3444796    428046    141278075    340346816
696184    221152    616127    278677396    379132051
424010    1364306    193023    327882710    853148967
1328325    5648714    660721    265311894    423145164
203568    731557    117759    205555727    543802100
472817    1172533    232752    205937051    327514563
845564    5363203    700902    207235380    337616532
1132668    178517    537039    209970788    339437937
220233    1168739    103556    240903743    432595446
12843    25346    339318    172242106    349294955
267420    887948    158296    182432156    360901516
813738    4776089    443348    167196791    223409980
1197857    6604274    716957    205212969    286058289
57110    227376    30287    235623293    455614104
978004    3540533    527417    190258673    256317945
285155    98417    200617    154819270    344783413
565870    838560    383668    138833455    203626111
813076    2235919    265562    409448528    714517614
1037693    3268016    513028    240326204    438749577
1573383    1359730    860034    161316685    206415211
1807347    150379    2656506    198626185    1017295667
1246440    1453307    582404    271314279    444021356
235496    909519    360017    209275377    567746281
99594    248588    38704    293858018    338143702
292229    278708    963376    229254102    376383353
681963    453713    72446    194298332    473345538
852442    57081    388188    223088554    443927289
3528842    2887156    486384    550138551    301064240
3365726    9009666    2053891    317765503    419496955
501877    2053844    263857    219258294    224795319
212515    887401    128745    152756661    166455909
1399508    4719382    673467    246071790    248130234
53687    87918    729850    226095435    307265772
930727    2328623    565352    186461949    324244932
269623    789661    115455    130500187    315367267
1070379    4033028    418577    331156505    627762912
1108794    1072688    534556    201599346    294063039
1796698    9604914    1361192    364236639    685602779
861297    370534    240220    136368258    275196534
243265    5375197    491244    203648187    304063077
62808    164245    28144    196745230    297050950
263067    930001    182053    346640262    468387208
994519    2554078    209472    242492976    320901500
1778114    2381682    933343    176562314    250627848
507899    116464    352956    234951877    297204256
460412    1927140    195203    238907188    514788993
917518    5162077    425404    218092488    291004034
1217221    192021    554750    246151569    503049798
411856    542417    223597    276339370    637388452
232113    1237147    716780    225567505    366217226
184957    761332    2441006    122940618    346174854
508097    2506621    22292819    162708521    4706802250
82584    209195    30278    230390938    351380918
833925    3775433    450516    211509625    289450495
57837    170079    58058    202797665    351060003
1313130    1429872    156568    181792630    272095956
24520186    1896026    1365326    2611018010    492047503
383441    2553893    220346    269953467    364358380
28057168    14862874    4302633    3333969609    583180061
1289092    7799978    729676    171948871    556412746
616287    5113569    429908    215120477    243340146
904403    2795613    569105    158034863    320982704
1329298    620193    1070467    274247775    391348842
878264    3291250    751616    163856404    229556505
388296    1890504    231504    179705923    280793717
96924    381102    50552    190919759    425903826
44511    2592960    384224    197785882    316646600
151766    1053401    125605    175197414    348531150
1356864    166410    815087    192393287    268709376
2293024    2412804    1119127    190733104    214968556
303971    1256824    173163    177599329    387426814
1278660    5284008    629298    257315317    344322882
273194    632144    79663    212911105    320835559
123327    329732    40003    339547171    879950146
478384    2261272    321341    109234599    167927548
1111518    6441667    729990    151780203    296079607
219321    1699836    130361    248585020    355406668
848606    1700874    460213    183552432    277453528
574560    1919763    265663    179907401    306395315
541034    1224381    136754    229367137    299006589
498081    2741264    283643    245003701    376356692
1017400    1926119    1158380    144524045    475090643
161060    454741    100048    166351290    229653115
1990772    7649444    946115    174095204    212590643
65601    162768    32827    210409360    391578433
1135301    1916585    589151    162979708    249235730
446007    846546    252467    189693360    286021042
1606216    9598240    862042    178822059    278976992
473903    2918195    428093    139072797    233493872
268634    1075223    166093    175914988    294167087
2366038    135023    538892    207860211    220432891
639616    2032911    328983    130534251    219460611
1327828    3621701    1136666    183667853    260280786
1282509    86180    696272    220056573    449553798
489139    1504291    206093    193065052    374201905
1852131    8003286    729929    270067955    358325693
1774480    1361108    1016207    209720991    366856215
1160394    55582    596040    262151907    398505985
235127    130922    1243411    177395601    473596503
2126870    8094000    957364    211095485    369718182
1822196    401201    62924    174946459    317438242
3779304    4884218    1863996    514230375    573624721
345855    917181    129002    209566448    313191483
1025316    4769690    512696    168373927    269097256
246838    708609    98197    199588826    349251111
2146803    8551040    872704    209228638    345219170
2753029    942053    1287954    476084742    496131401
605743    2709712    16895487    150093669    3038952006
621068    681411    341115    144524323    267490882
1211104    4468914    795869    132540496    217814825
1144828    2438231    528635    219488561    385789279
857783    4950257    15444905    130394354    2789739929
18298643    1107786    3563784    1751483936    765692528
202545    1147380    133966    190745050    429601383
262091    1004649    149750    305323440    579510016
963205    3598833    387336    181474567    213538236
3157548    1823772    829826    328699464    200915432
1472738    5434875    774317    245539217    588061043
307044    1534035    156738    212124738    229182545
282519    1365170    119555    222496316    398122354
1357287    138217    668869    202618098    292020975
1523380    4323685    819679    184153678    255004169
464688    2422304    310637    301860749    359522809
335375    1177238    127855    215072275    403110977
1037491    4806736    491196    230521646    222612744
1187724    2160327    567146    169032289    185151236
436427    1644194    183727    139315855    197113097
3822027    2592157    2087462    404105324    393898304
963645    137559    500572    271788865    515936321
331269    2279645    210497    268571944    622652128
3312804    7321067    1884054    376066166    490500045
43456    206022    24344    313532930    441582352
60020    167237    26791    248733277    472410277
410012    193154    34881    176407326    277424341
22332    57852    15865    197174413    314822532
133611    452137    79259    205066302    433042385
61471    189417    27316    204929208    393873102
269875    1268655    141732    211660353    325717477
530693    1672042    243256    182431657    321673268
1488176    7738762    829460    145535839    252898034
796494    4239767    433673    175873279    284077781
178351    697625    86506    175186917    267399559
385442    240887    1020980    186721529    432748966
1213149    4398369    535109    234213948    339598227
626881    2278877    262322    213853202    361431797
719922    81685    423224    178001071    385605920
84439    278571    31831    245728644    572227970
2030117    5597940    956593    302383685    478995110
110514    269435    43414    178966070    382656917
2873155    209230    1361390    484995222    366308294
1842624    1986198    938609    151227172    158737984
1868561    8276312    1111710    196192608    216927634
1572932    9598621    855924    211486209    429775277
415638    2556097    187369    222387499    384520712
160294    4225138    934360    207350642    196259589
1507117    510245    912516    202269925    221650999
2056720    1258983    929244    276354879    429557390
545785    2384488    380187    229746767    602166874
4416988    1880357    1324338    463115251    567078193
818890    2022036    500299    257717352    394328711
264765    1037662    86909    256605085    435421384
509804    3635448    320240    201061152    331780897
282279    1000853    126166    181799641    269516084
1317554    1424225    743134    197094069    225903759
608015    188348    251805    171630025    258912134
2148797    413292    957357    304585213    380639737
16060555    376277    2956943    1614439425    608003749
37013    25073    1026809    205748150    436263501
255084    1307777    154965    122157905    208609290
444413    2208347    215406    222591786    348068441
1380710    10941310    3449793    169997448    620203784
917735    76508    506002    173514449    287220859
613554    2794729    248317    314006286    512450709
42366    55439    15137    257153828    535387529
333111    1885512    210599    199111826    671115059
511660    1262127    219640    251575107    503367360
707611    3867289    330409    227957299    390690511
201928    646213    78101    277351984    505508552
396979    1296282    161062    211096813    311571497
1456923    6876941    2045648    255619590    1028436324
28841    50062    12500    153355315    230091898
107899    183592    31925    181267824    271682041
58069    157682    26267    188997839    299361531
889542    5264077    547448    157251513    320754629
129368    498317    68090    223360948    375908223
221709    927355    112394    224529978    505577492
4524123    122234    2374072    547949390    598098414
65538    830608    69189    140835702    243961099
146552    240598    37092    209519323    310386148
21822012    249832    1144649    2650667745    530705073
1565012    6834458    829402    179424130    255923390
702429    2248816    386408    159312948    222314447
31411    58395    12601    234880032    511249318
100111    186714    26687    142332566    195402079
1041609    4671573    1844714    215843159    847258876
680621    219888    494090    187436734    331881855
317840    2520122    251808    305116648    465104190
745759    1947821    230503    242227165    289531562
997785    94107    567668    162909641    231299810
720416    3992088    407182    149050617    253420437
90920    176440    25071    266116236    504443685
1219458    4958725    563320    155991950    309708322
24260306    2561715    13362893    2513826170    3070599423
801960    3554113    330695    244747591    413794249
1379117    4789025    866561    203464524    409538158
2753446    3660247    1502987    341170039    393422211
25554644    91262    23674652    3376216223    7622467660
735191    1519334    355495    209547457    323853328
928359    3899036    382191    241322410    247046993
610437    3282163    305315    255658865    495620727
257921    2420521    562319    189523501    214104995
588653    216321    374724    244707377    430767446
1502766    500222    787864    170659762    312169061
519755    304220    271664    247760707    324355334
764613    1371017    450885    178181577    387251723
22837    80716    16563    213646539    389211491
86694    206087    30750    235911802    468011228
529292    126988    44373    322712356    623278726
587214    2643997    276488    272978116    457169040
1582632    2077949    771302    221330727    377198698
2298530    3206940    1586734    230501772    534193586
72471    143037    24820    160392896    246974174
48588    58893    10847    251250152    474581624
103322    193598    32188    145533712    178177873
1351420    1580584    202643    261977144    387076741
857939    4422939    366450    316736636    652755548
858911    2915736    324682    254016957    393742087
506259    1979322    256100    158796282    257717023
438484    1895116    178889    190232486    286640998
623903    117668    299707    225859245    721346502
187327    6431776    809829    238573604    381263343
325262    906683    136990    193146917    340103156
54983    45835    913447    149289237    340756120
824655    2037962    435250    173827512    264999146
29941    23892    628452    320738088    556780918
717050    3661916    1473201    150064435    365640911
754442    3573509    403400    171012767    325173088
711908    3142234    349015    137311058    188399251
20569    531124    79099    428406127    771113709
711210    2996550    317840    217444257    364854246
1396010    5435621    759623    291289700    416067510
107683    175793    27545    318033627    468205856
237870    757944    103331    202323005    260820051
764302    5024540    392563    180422011    363208039
1088576    439240    567188    198054853    347316366
1088785    8757723    770471    288825748    372909299
20713706    3280790    3797670    3399835645    748049868
19209    31369    23898    329289894    436560323
246925    207745    173076    189054096    418887605
764180    3772079    422823    186462278    275619089
332157    1332790    217620    191551390    389293960
3225626    3904160    1386184    423759428    216688769
853080    4411283    523026    152568750    300845013
696918    1065969    451512    255609619    565990877
1161657    2133004    742959    230717271    363648492
1185431    1778961    612909    280213448    428291397
1059372    230220    651989    219180595    484996768
143454    939784    1343834    155104943    391568203
131990    60889    88750    158651470    202102763
196291    1313967    112865    201340065    342360928
141675    480060    64709    208937534    290787073
720639    2859429    2192647    250332794    615286474
1918280    114284    912268    215410564    350512115
1916262    9978955    946383    176565299    217587583
207717    566458    70253    206530138    346993031
284217    1167593    105555    287090697    503332029
880736    100528    468534    216655273    471942680
418363    2380088    222448    274847823    499254691
758404    3381550    369619    181995912    299909166
245663    1665254    645130    229100281    399093893
275486    3348931    617556    143896317    228751573
46450    150761    24295    168771325    319681480
11554112    1245899    1599426    1184157673    349396497
38062    63139    653078    386920813    743286031
697885    256450    399700    304589619    854822288
997356    4703850    451735    182257573    176439252
2276668    1084670    1010507    199017339    339004851
402544    1865016    222702    186973190    231988413
421928    2143470    211156    219208357    363403665
661830    3702950    2804504    262879424    667711442
1074448    215171    605316    239557433    314457130
199640    1317680    134032    250250121    415613404
834887    3726837    512868    190430648    364496542
1425845    4088336    721363    157547299    255174031
977404    5025475    625198    192371307    343658913

