New MrsP    Original MrsP    MSRP    FIFONP-JAVA    FIFOP-JAVA    FIFONP-C    FIFOP-C
633005    87809    83203    86340    241503    376937    525295
38533    69827    52075    40506    136282    227859    194169
60624    34977    32569    38154    121533    240928    192195
43708    63239    34242    91465    146060    221790    215428
95545    62634    46976    61829    261138    257952    188049
29809    26448    26578    28777    71339    213994    184595
58727    27527    34698    29873    73119    236065    187027
32980    28545    28470    45165    85654    214633    214710
27928    25264    27160    30881    68835    228232    187009
35985    25670    28648    26583    71696    218426    203528
32681    25114    25600    18410    70125    211133    208493
29244    26027    25822    18790    69601    230641    188619
27955    25038    24958    18442    57771    224995    186540
26653    23884    24102    17626    72404    211530    182866
26768    23403    43806    17966    46434    208950    181712
50288    47387    37820    18829    70240    213275    202578
28743    26088    26246    18240    48297    209154    196456
25159    26306    26596    17819    49032    208945    251106
20681    27021    26313    18032    49797    230262    185877
19775    17640    29570    17700    49242    222416    297303
29741    38972    33135    25371    49294    225909    311272
24218    19688    28217    19947    66633    214821    199518
19797    27659    16882    17722    36817    286712    222572
22790    25602    14164    17221    34797    250908    216507
17303    14968    12717    15529    34353    220469    229119
17300    15026    12685    15029    36150    220485    180869
16734    15015    12700    14801    33960    225560    183199
16798    14761    20158    15211    34554    218144    197010
16774    14958    12610    15996    39304    225916    180985
24202    14440    12097    14091    26412    235539    180614
16082    14248    12109    13923    25213    216042    179997
35207    26314    25345    40634    34088    226992    182731
17422    14947    12877    14436    25830    224428    180693
17341    15945    12733    14348    25690    216575    186088
16901    14518    12526    14478    166173    208405    199995
16711    14631    12439    14617    26887    218759    180219
16893    14810    12546    278972    29128    263519    202057
17085    15381    12571    14935    25804    210815    197498
16800    14517    12689    15851    25385    209440    193788
31264    18143    13351    14404    25829    212106    182771
16449    14242    12154    13997    24890    218365    177383
16866    14298    12156    13772    24792    270850    181992
17848    14779    12662    14261    38116    202909    224324
15807    13523    12472    13839    37147    205046    179080
14648    12815    172717    15308    26845    211721    182734
28669    13217    12378    14175    24556    206038    232417
21984    14431    13118    13985    25912    219818    234901
13112    13417    47016    16757    54749    226054    207389
13158    16865    12082    14389    25005    203588    212359
12758    10755    11261    12793    24738    203675    177572
12679    10678    11262    12987    23304    251470    281993
13064    11197    11547    13358    24129    219202    226802
13145    11070    15532    13382    24222    209221    189637
12660    10833    9607    12916    23304    248907    195880
57539    15915    10205    19082    25426    216282    202496
13474    11095    9795    11590    28465    217981    214686
13318    11144    9753    11375    22695    245156    210994
13205    10949    9696    11301    24629    210277    183516
13549    10878    9591    11242    23082    208960    181678
12950    10849    9370    11248    38990    210619    181709
13279    11467    9739    11286    42986    224665    184894
12941    10953    9486    11355    22072    268872    195074
13497    11559    10207    12141    22893    220211    184055
13662    11551    9925    11837    22519    319020    189088
13387    11540    9737    11553    22961    231933    226968
13315    11028    9579    11264    22458    229824    184443
12864    10820    9484    11369    22182    274527    202240
13363    11170    10000    11721    22484    207596    209794
13762    10945    9603    22704    22875    207794    196464
13147    11026    9691    11621    22423    207322    266948
14076    11399    9905    11749    25351    213195    195518
13069    10896    9681    12136    30492    208378    206438
13371    11006    9701    11437    24083    209721    187578
13413    10861    9533    11458    22244    201752    176476
22645    11446    9738    11372    22308    200818    175873
13174    10993    9610    11403    22282    216701    179722
15073    11585    10061    11300    22629    222678    244653
13368    10927    9742    11365    22351    211097    179757
12829    10897    9571    11283    21998    199339    192281
36825    12505    10120    11282    22661    200581    186816
12931    10907    9459    11164    22156    198365    175382
13686    10914    9532    11366    22153    200166    192636
12948    10765    36969    25982    22715    201446    176785
15549    11479    9995    7862    22371    209489    178006
12950    10784    9556    7394    22763    215625    178304
14550    11339    9797    7804    22414    199153    192902
13198    10839    9476    7463    23601    200018    186460
14567    10996    9568    7539    194992    204083    188776
13293    11112    9564    8453    22027    213377    202561
13917    10996    9602    7435    22147    212545    196042
13816    10882    9556    7541    22035    217703    178164
13851    10743    9433    7574    21878    199711    175246
12816    10996    9473    7493    21899    276459    179619
13111    11040    9606    7554    22229    211890    177866
12807    11073    9571    7537    23338    215500    178715
14370    12248    11046    8422    23129    200695    235928
14291    11372    10084    7938    22759    200936    187906
13033    11077    9618    7736    22341    199810    192476
13087    10932    9511    7681    22271    200039    192925
16508    15453    14366    12321    32876    211488    203090
14583    11728    10310    8414    25132    202013    194234
14578    11591    20392    12371    18513    214635    179055
16552    11345    9654    7663    15693    215701    178986
9710    11005    9599    7487    15524    218012    178134
31577    13034    10150    8054    15999    200144    188792
9728    11031    9410    7480    15504    199008    186859
12490    33549    16617    7963    18298    200577    189453
10125    11019    9574    7471    15776    199902    205693
10748    11178    9978    7693    15645    202496    177063
9748    11043    19885    8305    16954    219610    178817
10260    11082    9796    7400    15851    217703    178303
9958    11031    10858    7578    15552    257145    181730
10362    11385    18423    8160    15990    211906    179595
15257    12188    7805    7756    15488    201714    198953
10558    11840    7627    7606    15569    200003    183274
11183    11842    7527    7472    15487    200840    175393
24165    12076    7431    18138    16217    212829    178942
8280    12015    7651    7576    15496    216321    179239
9311    11813    7260    9227    15634    199743    213199
8909    12393    7708    7607    21138    200557    209875
9018    12340    7831    7666    11339    199935    258731
8849    12250    7938    7653    11271    200546    175531
8164    11912    22285    11744    13868    206692    176700
8432    12120    7465    7502    11214    214669    177934
8366    11993    7709    7478    11420    199447    195246
8604    59914    22910    9849    12889    215308    233995
10237    17786    20954    7950    11304    220669    234290
8808    8784    9044    8551    12274    209916    222243
12870    10845    8502    8173    11737    228628    194844
9643    25338    9170    12289    30244    214110    195801
8966    7104    9014    8817    11822    210966    170594
8037    6337    8309    8364    11039    288556    191177
8424    6592    20505    8983    11382    243629    180805
8597    6477    6223    25682    15617    308671    180979
10630    6898    6434    9056    14043    236676    209592
8917    6958    6590    9237    23701    215309    173110
8259    6379    6118    8663    11198    194646    328040
8603    6660    26785    22989    11776    358912    217983
20714    18594    18484    21077    23931    261948    178051
8384    6515    6198    8914    11568    224972    179192
8949    6497    6151    8768    11473    200900    186406
178714    7466    6222    8931    11700    202184    211674
8600    6572    26699    9025    11756    199805    194952
8637    6695    6063    8882    11765    200022    175285
8060    6442    6152    8751    11263    212967    184688
8525    6476    6172    8890    11477    218069    173275
8321    6572    6128    27506    13858    199102    267391
8875    22976    6612    9557    12647    201132    184174
9414    6756    6129    9053    12349    200241    221669
9292    6775    6377    9113    30587    201702    171674
8703    6568    6191    9060    12139    228535    179042
11255    6772    8172    9310    12282    218810    175060
8633    6548    6247    24922    13122    215555    196147
8758    6480    6195    6673    12694    200456    171145
9562    6551    6184    6626    24562    220499    174011
13223    6797    6379    6709    10318    219209    188344
8410    8194    6381    6720    10198    241672    175603
8662    16912    9472    9062    14738    220901    195768
11313    4093    7268    10422    22741    220126    207818
16064    4980    9410    8491    10969    215745    200890
5892    5496    11558    10483    8660    203857    196356
4699    3495    8539    7049    7416    237447    188991
4074    3559    8476    7389    7666    231876    208771
3750    15001    8275    6626    7081    243824    259244
3961    3507    8110    6916    7235    213981    185775
4124    3399    8195    6947    9215    229626    184906
3803    33990    7659    6958    7590    205358    176950
4290    3454    8564    7099    7266    205799    175887
3739    3230    7739    12002    7214    215578    177327
7492    5147    11713    7336    7890    223372    202080
4164    3444    8278    7018    7255    217837    205261
6056    5547    10282    7098    7396    206108    176897
3795    3894    24405    6932    7306    203423    198297
3990    3547    8223    7150    7264    226064    178191
3892    4006    8256    7146    7246    211832    202564
4001    3723    8726    6809    7358    203732    194139
3880    3422    8113    6812    7157    218793    193547
4883    3790    9511    7259    7918    272924    181743
4531    3628    8757    9799    7737    231386    190399
4368    3619    8631    11607    7349    293745    181839
3977    3407    9015    3652    7252    216107    196964
3855    3421    14225    3531    7576    203133    185849
3824    3359    3284    3379    7131    211770    176056
3691    3336    3278    3337    7191    246602    178877
4595    3724    3429    3604    10302    238826    179189
4192    3385    3466    3535    7378    206100    190253
3929    3507    3231    3391    7393    224420    198986
4575    3422    3416    3491    7195    204524    175917
3800    3444    3257    3396    7068    248167    237757
6584    5705    5823    5383    11690    291919    229513
10943    6570    6286    6785    10975    222481    197227
8231    5511    5561    5758    9596    245897    207063
4011    3501    3338    3804    7139    203949    187342
3646    3142    3049    3183    6976    211488    174736
3913    3215    3106    3326    6936    205157    171995
3931    3154    3109    3306    6943    204587    237737
3565    3090    3108    3209    6926    223749    175273
3732    3123    3043    3283    7115    214790    191151
3484    3145    2981    3268    6993    203488    170561
3741    3150    3012    3382    8289    236362    173678
3591    3170    3150    3301    7020    222810    172418
4206    3148    3080    3211    7020    217446    190226
3540    3141    3038    3359    6977    201935    170895
3762    3162    3022    3137    6949    207414    179187
3950    3222    3064    3223    6954    225540    176944
3470    3153    3003    3139    6899    209434    202790
3568    3196    3181    3207    6972    204710    173955
3489    3139    3029    3123    6946    209384    174887
3542    3005    2965    3170    6909    222728    176739
3435    3146    3050    3146    10804    219989    213786
4124    3345    3095    3257    7223    205602    174019
3763    3055    2912    3215    6836    210307    255310
3628    3220    3073    3222    7048    216624    191245
3617    3097    2967    3118    7081    279335    210194
4281    4004    4456    5754    10710    222923    185444
5863    22626    4394    4501    10886    223581    190638
3701    3292    3048    4832    6929    215294    178584
4244    4696    4509    4851    7645    225252    184319
3675    3076    3005    3129    6897    212635    172071
3299    3063    2983    3128    6834    206280    188959
3613    3074    3029    3201    6883    201308    174217
4852    4258    4407    4693    6989    226483    173764
3710    3221    3201    3381    7137    201936    184000
5036    4610    4209    4064    8094    215167    190614
3682    3190    3111    3292    7010    232290    177987
3933    3148    3131    3240    6993    223600    206753
3846    3156    3138    3232    6894    215253    175903
3461    3114    2972    3141    6864    208975    253720
3495    3151    3072    3227    6903    204740    173533
3256    3044    2935    3145    6939    220836    176268
3428    3102    2969    3169    6855    203662    193775
3377    3132    2985    3145    6812    208681    174770
3560    3136    2974    3172    6835    203787    173309
3221    3015    2935    3080    6771    239595    189251
5754    3212    3314    3389    10184    203901    193996
3464    3142    3005    3166    6847    203593    182313
3531    3127    3016    3116    6950    225665    175049
3459    3160    3133    3242    6859    215364    180822
3557    3109    3010    3213    6896    203944    193148
3524    3258    2974    3143    6836    217225    176062
4648    4529    4203    4915    7403    250057    177093
3536    3181    3001    3215    6881    203107    186121
3444    3068    2975    3100    6942    231596    176381
3600    3084    2998    3193    6891    203804    173544
3297    3012    2950    3093    6843    247607    179768
3698    3179    3076    3218    6977    204321    186261
3347    3080    2996    3104    6856    303435    236108
5137    9041    4932    4776    9767    254176    257863
5658    4998    4782    4580    233136    309758    249972
9174    4970    5015    5180    11537    294998    236947
5015    4901    7224    4818    10946    272908    257984
5220    4870    4652    4879    11159    276406    245644
7380    6502    4579    4406    9406    278850    266033
5166    4325    4371    4286    9770    295812    249414
5493    5227    4655    4897    11136    273038    254300
5246    4866    4632    4819    11195    288715    261404
5284    4830    4332    4261    9739    258563    255475
5881    4738    5008    5159    12029    275646    262272
5773    8888    4913    5008    11528    381975    227441
5397    4957    5007    4476    13691    281025    250724
5846    5818    5054    5323    13190    320294    254077
6496    5695    5592    5731    12581    308745    263872
6792    5647    5623    5348    11792    304339    255068
6768    5124    5403    5306    11807    340908    244034
5750    5338    4497    4728    10277    282234    242776
6279    5012    5014    4937    10705    275639    247451
5460    4443    4493    4658    10699    284404    229997
5097    4772    4865    5154    11726    299879    214174
4699    3949    9150    5072    7971    230956    223479
4160    3810    3596    3771    7544    281992    277503
4230    3575    3303    3873    7314    231699    201692
4781    3804    3496    4008    7602    228187    191443
3946    3431    3305    3432    7174    222244    208138
4276    3511    3271    3615    11167    205365    174849
3478    3301    3069    3391    7211    228760    203701
6996    5470    5286    5080    9254    253455    180922
4265    3576    3458    4041    7758    228935    176400
3477    3117    2995    3151    9750    214146    211189
3659    3240    3223    3525    7567    204529    186431
5906    3067    3123    4228    7127    220659    262548
3829    3547    3183    5599    17741    214367    176096
3609    3136    3038    3311    6927    245350    176526
3526    3439    3162    3529    7247    203467    185801
3456    3089    3020    3022    6790    203004    173534
3211    3070    2955    3072    9775    220688    175224
3264    3080    2994    3092    6956    203236    195608
3471    3107    3045    3247    6859    203251    173374
4710    4064    4022    4146    7952    216481    173493
3515    3082    3040    3185    6862    228167    176271
3505    3188    3213    3309    6873    203315    198451
3406    3208    2969    3183    7004    203612    173217
3242    3092    2895    3059    6747    213654    174772
4249    3097    2888    3133    6893    202778    190277
3327    5108    2966    3161    6850    202601    172906
3275    2999    2904    3114    6792    213157    175009
3268    3013    4737    3112    6817    202407    189583
3337    3057    2964    4960    7479    202376    254547
3440    3089    3002    3162    6979    203659    173032
3155    3057    2887    3066    6722    213027    174657
3218    3001    2941    3060    6758    202536    189521
3275    3034    2949    3079    6753    202636    173381
3179    3047    2914    3003    6926    219628    175603
235307    3821    3118    3332    7448    220079    194882
3494    3275    3033    3206    6933    235588    178562
3586    3203    3142    3246    7425    203648    204289
3558    3369    3171    3388    7249    205233    175041
3414    3313    3015    3212    7027    215423    191040
3794    3486    3207    3167    7147    205375    194841
3589    3168    3297    3228    6985    204574    175604
3805    3271    3156    3530    29214    219699    179403
3568    3281    3279    3359    6911    219674    176187
3679    3227    3415    4602    10444    218046    195602
3672    3652    3694    3427    7131    205268    175269
4171    3709    3405    3572    20581    343694    228863
6331    5770    5350    5895    12328    288645    262334
6152    5825    5705    5774    12981    300747    262453
5606    4435    4519    4876    11226    290096    262952
6671    5777    5666    5941    16709    280145    251332
4691    3915    3612    3583    7603    220808    177178
3980    4622    4772    4625    9078    228254    175562
3814    3411    3249    4024    7162    215503    176194
3632    3165    3168    3205    7029    225193    198512
3796    3353    3226    3253    7159    204661    185179
3612    3216    3021    3277    6914    231786    175623
3873    3337    3332    3445    6949    224516    176624
3724    3112    3232    3168    6914    227351    194329
3489    3102    3177    3244    7100    203150    173225
3354    3020    2960    3124    17274    221176    180336
3490    3306    3123    3243    6964    234350    177506
6353    3248    3124    3232    6953    207747    285904
3754    3288    3207    3297    7170    205439    174565
3298    2991    13060    10595    7256    231525    187848
3484    3147    3187    3346    7053    225517    175381
3626    3110    3044    3140    6792    202433    213905
3640    3215    6773    3342    6958    203910    250609
9196    7542    7362    7647    14979    319576    276263
5894    4960    5459    5783    23707    270423    286416
6051    5264    5188    5373    12166    315596    270227
6500    4960    4924    5274    11775    314932    260071
5839    5082    4772    4907    11882    281384    269343
5804    4856    4519    4759    10809    271319    251140
5678    5001    5076    5032    12352    283873    268096
6378    5435    5349    5162    63776    254647    208423
32141    5418    5426    5396    7942    212038    179445
3044    3008    2914    4009    6922    215404    178769
3165    3206    2956    3140    6994    203323    202845
3844    3345    3598    3378    7147    208395    177643
3230    3034    2757    3297    7109    237380    179432
4446    4581    3580    3856    7429    224808    185704
3825    3836    3210    3477    7475    207441    206701
3795    3050    2992    3092    10571    208341    175971
4882    4042    4190    4227    7844    221979    177719
3495    3004    2933    3016    6784    204749    186676
3406    2895    2846    2991    6744    204743    176012
5958    3046    2866    3036    6887    215252    178125
3434    2979    2873    3197    6838    205312    193542
3167    3034    2938    3033    6796    204146    190158
3436    2978    2908    3118    6726    215561    177653
3239    3004    2967    2999    6923    205452    186752
3467    2966    2809    3018    6881    204843    175622
3420    2995    2964    3038    6752    214136    177486
3210    3056    3033    3094    6735    206324    189392
3156    3029    3012    3023    6739    203244    176655
2917    2854    2689    2856    6546    229649    178275
3251    3082    2959    3137    6876    201542    194120
3243    2997    2936    3040    6954    203768    176315
3039    2727    19351    3273    6868    207133    175697
3527    6888    2846    2971    6826    221107    177459
3498    2993    2832    3206    6732    204380    175666
3441    2974    2810    2980    6741    204643    175540
3306    2937    5182    3014    6964    219871    178458
3516    3113    3109    3030    6811    205413    196304
3517    3047    2865    3007    6752    205037    176166
5493    2949    2851    3006    6764    219658    177130
3222    3019    2899    3059    7030    218091    189378
3482    2989    2890    3476    6854    204944    176979
3512    3136    3108    3488    7309    217210    179517
3518    3175    3322    3192    6976    206390    191467
3589    3091    3201    3486    7263    206429    207363
3491    3096    3079    3060    6906    207037    178324
11482    3005    3163    3397    6770    225149    180802
3393    3561    2990    3152    6941    204773    185791
3298    6658    2850    2995    6785    204574    175511
3123    2909    2867    3073    6711    215049    177007
3335    2902    2869    2980    6696    204150    200441
3742    3087    3080    3180    6843    206833    176491
3296    2914    2872    2987    6725    242231    179825
3653    3160    3227    3259    6930    204546    192846
3537    3021    2958    3020    6728    205927    175764
3399    2969    2910    5196    7009    214320    177164
3346    3024    2901    3052    6881    204645    185875
3496    2963    2897    3014    6793    203884    175523
3011    2971    4710    3027    6735    213938    177661
3275    2947    2831    3024    17925    206217    188797
3387    3116    3034    3049    7662    205620    175210
3400    2949    2939    3029    6739    204721    176078
3403    2927    2860    2979    6676    220010    177467
3384    2978    2844    3081    6708    204386    179335
3387    2871    2853    3013    6952    204481    175423
2958    2911    2846    2939    6644    214973    178177
3211    2888    2814    2944    6624    204642    175069
3390    2978    2871    3001    7675    205627    175204
3397    2916    2809    2941    6571    214439    176712
2908    2890    2835    4623    6664    204297    184751
3158    2855    2816    2912    6586    204267    175532
3122    2841    2811    2939    6634    218816    177429
3210    2914    2830    2931    6756    204354    184942
3224    2864    2811    2885    6595    203906    201821
3233    2917    2926    19160    6784    249851    176292
3444    3038    3004    3075    6838    198316    193623
3440    3009    2936    13281    6816    197792    169245
3273    2941    2853    2906    6644    207144    170593
2960    2893    2841    2850    6669    198068    187287
3207    2925    2884    2976    6712    197616    168247
3223    2870    2815    2818    6632    212703    170103
4474    4141    16029    3990    7560    197311    178306
3452    2929    2889    2934    6858    196920    168139
3094    2801    11461    2865    6773    207455    169562
3264    2917    2830    2873    6650    197208    179125
3214    3034    2886    2858    6699    197699    168306
3208    3143    2822    2829    6811    206942    169520
3240    3135    2784    2873    6793    196883    169257
3065    3271    2870    2849    6736    198572    168534
3191    2883    2750    2860    6561    206317    170642
2916    3000    2777    2849    6720    197689    168264
3185    2903    2851    2822    6697    214489    172163
3270    3340    2896    2891    6826    198173    185720
3296    2916    2829    2865    6817    196978    168181
3309    2929    2756    2871    6656    207109    169303
3548    2947    2829    6043    6773    198010    178330
3449    2938    2730    2845    6641    196969    167877
3006    2844    2768    2823    6659    215116    170391
3311    2951    2768    2998    6782    198233    179159
3613    3052    2954    3090    6969    217625    203431
4417    3791    3432    3420    15322    201363    170621
3384    2950    2925    2884    7147    197975    186609
3343    3273    2958    2886    6669    198349    171237
3432    3278    3299    3000    6747    207912    185101
3047    3002    2781    2853    9349    197302    178446
3167    2854    2733    2844    6673    196830    168633
2968    2824    2789    2876    6659    208121    169409
3124    2837    2707    2851    6653    196635    181430
3301    2897    2719    2864    6662    197876    184529
3266    2899    2764    2979    6636    236500    178851
3396    3019    2858    3035    6750    202773    191074
3368    3260    3099    3040    6749    203959    173908
3206    2923    2766    2958    6611    213147    175823
2962    2976    2716    2842    10229    202377    184375
3181    3003    2732    2941    6589    202183    174175
3206    2884    2687    2868    6533    218379    175241
3217    2889    2777    2898    6556    202460    184751
3095    2873    2825    2865    6714    217427    178074
3206    3231    3476    3020    7019    215109    176947
3586    3072    2925    2922    6650    202401    190643
3011    2886    2747    2810    6661    202701    173579
3219    2869    2752    2890    6711    211315    186768
3157    2917    2714    2882    10436    201999    190494
3269    2896    2720    2918    6604    202356    173339
3152    2896    2666    2845    6652    218428    175369
3356    3084    2754    3119    6930    203123    185932
3166    2969    2785    3020    6763    201835    173690
2983    2903    2709    2861    15998    220133    174247
3191    2934    2777    2945    6741    221812    176019
2960    3014    2862    2902    6653    203406    173623
12992    4074    3859    4378    9456    205658    241267
3264    3006    2906    2973    6832    272104    274634
6511    6844    5577    6109    24610    257666    182912
4426    3732    3489    3822    7537    234886    177186
3634    3194    2907    3116    6914    202604    184128
3218    2994    2798    2894    6698    202356    176580
3745    3075    3014    3338    7234    260426    249497
6072    5059    5183    4447    9918    300199    250515
5182    4432    4187    4357    11027    284539    243853
5080    4632    4563    4402    11578    288793    246353
5543    4597    4945    4743    10982    292005    244428
9452    4822    4371    4660    11407    305129    245031
5281    4844    4517    4755    11498    308263    229678
5779    4899    4781    4803    11308    273411    257981
5085    5150    4626    4719    11098    311804    253826
52390    22303    5205    5261    9253    220809    171596
4366    3408    2949    3240    7055    209791    171366
3066    3014    2828    2925    6841    198623    179102
3191    2867    2821    2991    6801    197933    169819
12665    2838    2822    2905    6766    213602    170769
3056    2947    2882    2913    6747    197678    178649
2904    2919    2745    2837    6666    197212    168746
2756    2907    2727    2859    6791    208144    170496
2891    2898    2703    2874    6585    197083    183219
2963    5677    2809    2816    6741    197198    168132
3009    11996    2880    2879    6720    207103    170233
2934    2552    2769    2936    6741    197515    169204
2874    2634    4702    2893    6695    197418    168412
2893    2584    2765    2846    6670    197533    179779
2711    2585    2821    2826    6625    197815    167572
2970    2538    2716    2853    6720    205742    170331
2868    2568    2717    2865    6676    196841    204581
3029    2589    2816    2934    6751    197954    168948
4796    2540    2771    2867    6647    211953    170979
2723    2635    2795    2890    6745    197691    180187
2855    2565    2919    2838    6615    197464    168150
2718    2533    2730    2815    6661    208355    170120
2907    2537    2731    2833    6679    197296    178696
2895    2803    2762    2831    6636    196992    168955
2731    2544    2814    2834    7046    212293    171342
3251    2717    2834    2964    6972    199006    186091
3141    2606    2804    2880    6690    197587    168343
2912    6520    2781    2904    6604    206708    169705
2730    2555    2777    2817    6655    197278    168441
2928    2548    2699    2830    6625    197148    168080
2937    2486    2657    4811    6714    196402    183089
2948    2566    2767    2839    6672    197731    169146
2981    2537    2732    6411    6660    206964    170152
2752    2539    2764    2830    6663    197979    178736
15663    2581    2876    2875    8371    218147    177430
2551    2641    2826    3027    6971    212806    175191
2673    2601    2714    2852    6647    202498    183533
2604    2573    4647    2854    6601    201294    173460
2457    2600    2787    2876    6624    212199    174716
2703    2583    2694    2805    6657    201888    196507
2629    2596    2806    2931    6685    202098    173119
2679    2573    2704    2979    9478    211581    174782
2427    2577    2793    3021    6636    201966    184044
2620    2649    2764    2937    6623    202823    173941
2812    2715    2782    2992    6862    212983    176150
2591    2700    2901    2902    6789    204108    203217
3032    3237    3271    3095    11841    203593    173322
2459    2569    2785    2877    6738    212742    174821
2622    2608    2706    2850    6733    201374    183329
2417    2605    2793    4931    6643    201857    173526
2684    2521    2704    2814    6666    211304    175100
2689    2719    2755    2831    6674    202010    190765
2688    2703    3182    3323    6752    202836    174765
2664    2728    2856    2922    6770    230794    176581
2545    2799    2832    2981    7096    203250    184008
2628    2623    2753    2863    6634    201611    173396
2401    2565    2801    2838    6755    212444    175086
2609    15569    2876    2865    6829    201947    203767
2657    2731    2858    3135    7058    204015    174414
2690    2519    2727    2883    6725    220658    176142
2788    2893    2761    2882    6771    201778    189208
2709    2516    2770    2865    6635    202228    187751
2500    2578    2720    2845    6690    212999    178695
3071    2638    3107    3357    7223    204313    186117
2915    37740    10108    6754    8908    206270    180506
4103    3506    3912    3295    7523    210611    180659
3427    3906    3305    3402    7757    223872    179022
2909    3034    2978    3277    7453    206212    189781
2732    2669    2914    3036    6719    203115    174163
2885    2817    2844    3054    11625    259647    174938
3225    2769    2928    3061    6883    198299    182589
3099    2534    2797    14292    6864    197260    168545
2504    2523    4870    2597    6733    211485    170813
2699    2529    2747    2604    27661    197611    184509
2733    2546    2786    2609    6678    197215    168950
2693    2533    2698    2562    6642    207347    170247
2693    2508    11630    2623    6751    197162    197400
2754    2600    2600    2659    6847    197912    169303
2800    2507    2492    2544    6675    207921    239529
3058    3118    2836    2943    7336    207632    185398
2710    4691    2571    2593    16307    202960    174022
2562    2733    2553    2655    6645    216771    175772
2850    2626    2500    2644    6409    202109    184382
2414    2545    2512    2592    6403    203962    174543
3097    2649    6981    2751    6543    224137    179858
3097    3436    3381    3532    7137    207011    198539
3635    3332    2822    33852    7249    209597    204011
3946    3972    3238    3494    30199    209385    175486
2586    6382    2855    2812    6425    219466    175822
2824    2896    2516    2610    6490    202363    190476
2764    2554    2493    2657    6466    202738    173711
2691    2572    2495    2628    6459    212379    175632
2402    2607    2621    2591    6546    202411    191939
2885    2688    2641    2801    6643    204194    173746
2555    2553    2538    2621    6395    212962    174565
2636    2526    2472    2572    6465    201424    186698
2653    2554    2547    2634    6400    201933    173158
2394    2506    2695    2577    9334    212246    175124
2611    2557    2498    2596    6445    201930    190431
2665    2626    2508    2666    6462    202017    173616
2718    2589    2504    2842    6417    231193    179163
2853    2743    2809    3221    7340    215953    190188
3018    2684    2677    2898    6752    202338    173673
2938    2641    2593    2923    6482    217517    175698
2672    2512    2468    2639    6565    199822    185472
2735    2689    2491    2750    6553    202493    175511
2499    3074    2702    2765    6691    213332    176987
2742    3000    2557    2806    6654    200102    190578
2711    2545    2577    2738    6601    200460    174363
3182    3229    2754    2680    6481    210115    173706
2628    2511    2476    2604    6391    199552    187348
2598    2490    2489    2572    6465    199965    171838
2690    2490    2474    2563    6352    213847    173998
2394    2557    2498    2604    6453    200372    185090
2657    2511    2447    2553    6408    200150    171930
2382    2489    2503    2532    6376    210349    173700
6947    2581    2506    2634    6403    200190    229031
3310    18264    3131    3051    6799    203066    173252
2644    2434    2565    2672    6427    211319    173966
2747    2162    2445    2571    6334    200122    188047
2635    2249    2437    2534    6320    200181    172409
2652    2194    2506    2554    6386    209737    173874
2477    2216    2531    2544    6461    199943    182807
2588    2184    2717    2569    6462    207303    172574
2674    2360    2474    2608    6397    210722    170540
2693    2172    11275    2665    8511    195946    178847
2679    2211    2196    2569    6383    195749    168391
2491    2165    2210    2595    6358    210902    170981
2838    2250    2202    4454    6779    195414    169370
2535    5536    2257    2658    6458    196331    169027
2704    2137    2233    2569    6445    195597    180071
2675    2129    2278    2576    6360    195721    168253
2401    2140    3997    2661    6418    205221    170370
2686    2172    2174    2581    6350    196107    183512
2695    2125    2275    2598    6331    196190    168314
2676    2165    2200    2583    9236    205820    170239
2593    2178    2174    2565    6308    195532    184096
2628    2150    2279    2570    6312    196009    169118
2714    2144    2231    2580    6606    207529    173672
2825    2714    2560    19106    6647    200928    183292
3147    2236    2399    2279    6542    196767    168526
2458    2169    2251    2232    6373    205670    169931
2604    2180    2221    2216    6380    196140    168303
5771    2149    2205    2196    6388    195493    167897
2436    2115    2258    2220    15154    205258    170555
2627    2167    2221    2240    8668    195959    168356
2325    2122    2216    2215    6022    205606    169835
2626    2175    2174    2198    6059    196380    178246
2376    2194    2236    2360    6134    196182    168133
2683    2195    2194    2465    6069    214668    171240
2740    2245    2276    2308    6126    196091    189958
2807    5391    2253    2955    6239    196289    168382
2756    2144    2186    2270    6109    206898    170810
2442    2223    2312    2378    6224    196551    182057
2678    2168    2225    2267    6126    196022    168650
2651    2121    2216    2231    12064    211165    170230
2636    2184    2247    2282    6111    196143    168719
4184    3125    3388    3543    6451    199324    199967
5525    4287    3831    4276    8565    223577    171726
3858    3532    3152    3522    7272    198638    168903
4492    3079    3287    2888    6269    198297    169119
3424    3429    7412    2439    6306    208173    171418
2802    2222    2141    2227    6141    195484    168990
2600    2244    2259    2352    18497    204924    169743
2799    2293    2255    2343    6153    195801    178797
2668    2162    2166    2221    6029    196212    168358
2481    2217    2194    2234    6083    205738    170252
2690    2170    2223    2208    6096    195904    178276
2431    2199    2215    2252    6134    196525    168263
2668    2123    2183    2269    6085    212197    171311
2757    2281    2254    2302    6134    196204    186425
2639    2193    2313    2473    8662    196512    168365
3702    3381    2962    3440    6905    210627    170409
2412    2245    2221    4827    6090    195626    185851
2725    2295    2302    2271    6090    197109    168312
2504    2182    2244    2220    6120    206239    170540
2626    5678    2222    2236    6101    205665    169629
2764    2272    2212    2371    9250    197792    169221
2461    2390    2432    2308    6205    210495    171135
2718    2251    2300    2207    6200    196054    168340
2397    2246    2313    2234    6055    218213    171512
2763    2304    2479    2288    6101    196215    178824
2541    2265    2239    2198    6124    195790    168081
2684    2159    2214    2213    6158    205121    203928
2581    2286    2286    2306    19415    269645    170850
2727    2277    2283    2304    6220    195870    178414
2613    2177    2216    2205    8834    195801    168504
2400    2238    2240    2225    6074    205733    169638
2621    2234    2270    2249    6155    195782    190572
2696    2276    2269    2285    6148    195995    168392
2661    2207    2174    2224    6075    205018    169590
2430    2202    2206    2274    6140    196184    179108
2669    2215    2187    2204    6034    196199    168433
2687    2177    2200    2222    6018    210694    170823
2774    2193    2238    2269    6058    196653    170091
2732    2192    2216    2268    6013    196333    168335
2389    2205    2296    2247    6074    200320    191213
2723    2392    2471    2415    6409    197760    168396
2667    2182    2206    2226    6055    210962    170415
2711    2244    2226    2280    6074    195809    178646
2681    2196    2160    2191    6160    195515    168724
2427    2229    2211    2218    6115    205700    170228
2656    2186    2177    2234    6039    195667    177889
2388    2220    2228    2245    6092    196181    168204
2743    2181    2209    2243    6043    205525    170466
2671    2220    2218    2210    6177    195893    185240
2847    2395    2251    2299    6129    196578    168984
2802    2255    2222    2222    6130    211604    171374
2802    2296    2328    2314    6156    196761    169178
2683    2646    2206    2359    6129    197284    169667
2697    2365    2326    2399    6234    196776    185581
2658    2203    2266    2249    6034    196143    168315
2642    2142    2214    2215    6040    207399    169938
2419    2175    2217    2236    6089    196370    178593
2754    2197    2227    2226    6124    195593    168165
2387    2171    2236    2237    6065    205612    170177
2636    2197    2170    2237    6018    196032    178219
2644    2123    2630    2262    6203    196780    168473
2397    2191    2278    2208    6083    206104    170065
2625    2193    2289    2227    6103    196344    168758
2786    2170    2213    2258    6096    196970    168484
2719    2214    2167    2171    6127    196187    180699
2832    2205    2502    2326    6153    197350    169055
2452    2167    2265    2305    6121    207527    170912
2675    2161    2204    2275    6117    196330    183754
2709    2209    2209    2270    6115    195702    168096
2745    2198    2189    2194    6008    205137    169832
2428    2192    2208    2279    8819    196030    178902
2630    2193    2190    2302    6079    196185    168085
2685    2204    2222    2249    6085    211426    170377
2737    2228    2235    2226    6048    195999    177508
2666    2167    2200    2208    6041    195790    168058
2351    2223    2256    2211    6083    205603    170267
2630    2220    2181    2225    6039    195730    168443
2645    2141    2185    2205    6065    204660    169904
2370    2169    2221    2185    6023    192972    190077
2862    2261    2263    2311    6107    196615    168260
29775    2295    2243    2281    6096    206379    173140
2558    2216    2267    2225    6100    196350    182400
2890    2531    2755    2446    6386    197763    169019
2617    2195    2215    2310    6121    206318    169904
2595    2200    2193    2267    6045    197800    186138
2708    2315    2319    2362    6107    196218    167891
2623    2180    2219    2237    6141    205278    169815
2387    2170    2253    2204    6093    196014    168378
2658    2136    2280    2263    6056    195767    168462
2644    2174    2205    2240    6204    195530    197085
2850    2340    2347    2555    6191    196657    168326
2697    2200    2296    2206    6017    205557    170573
2900    2351    2305    2359    6236    197291    197632
2659    19134    2356    2303    6196    196848    168299
2492    2165    2225    2252    6123    205189    168317
2703    2238    2192    2223    6082    195947    178702
2623    2207    4060    2271    6129    196769    170594
2817    2568    3017    2905    6468    211148    172843
3215    2345    2569    2464    6238    197898    191445
2559    2250    2295    2284    6231    196279    169687
2709    2224    2259    2186    6101    208007    171836
2737    2448    2240    2520    6111    197250    179910
2628    2215    2244    2223    6134    195399    168608
2676    2162    2177    2212    6045    213199    170580
2788    2199    2244    2244    6031    196078    178150
2669    2167    2192    2219    6033    196156    168721
2451    2197    2244    2263    6273    212075    171354
2992    2285    2289    2507    6195    195979    170776
2889    2243    2309    2458    6277    207163    169389
2395    2183    2276    2251    6143    196221    178481
24872    2257    2205    2264    6063    196214    168259
2405    2196    2238    2217    9455    205586    170192
2599    2180    2209    2214    6064    195433    178670
2447    2221    2236    2183    6072    194886    169756
2599    2319    2273    4744    6181    205996    170299
2641    2180    2246    2283    6129    195011    183017
2672    2216    2250    2230    6109    195620    168435
2602    2246    2216    2203    6070    205296    170112
2437    2239    2255    2211    7776    195241    168147
2846    3687    2205    2213    6019    195670    167851
2657    2179    2219    2215    6036    195590    182877
2723    2164    2226    2209    6048    195693    168278
2642    2174    2196    2205    6007    204995    169506
2442    2182    2249    2215    6051    195899    178235
2621    2173    2237    2250    6015    195621    168044
2668    2166    2218    2190    6043    210168    170242
2697    2184    2306    2254    6056    195281    177553
2636    2163    2208    2219    6036    195318    168105
2459    2146    4038    2232    6128    204852    169677
2627    2195    2207    2194    6064    195361    168206
2427    2194    2219    2233    6045    203954    168156
2624    2211    2206    2208    6040    195811    178410
2695    2178    2174    2228    6054    195846    168411
2377    2160    2251    2204    6094    205693    170455
2682    2172    2195    2237    6123    196006    184012
4148    2881    3041    3148    8578    249815    217009
3863    2728    12798    2921    6699    199433    169478
2563    2283    2294    2315    6071    197148    180673
2738    2232    2215    2387    12759    196336    169742
2437    2180    2077    2377    5929    227079    172501
3011    2609    2431    6329    6395    196605    181208
2731    2240    2261    2623    6123    197012    168348
2574    2271    2278    2237    6393    207303    170604
2724    2438    2240    2189    6051    195805    178815
2550    2195    2263    2245    6077    196545    168971
2749    2155    2225    2204    6068    205131    170173
2676    2187    2215    2190    6002    195445    187567
2762    2239    2259    2312    6128    197506    169310
2715    2176    2196    2298    6057    205762    170294
2665    2162    2252    2407    6106    197449    169033
3000    2282    2412    2330    6214    197357    168544
2745    2214    2267    2219    6020    195740    184021
2631    2200    2295    2230    9584    195909    168719
2647    2155    2217    2222    6024    211539    170537
2468    2286    2257    2277    6081    196239    178535
2581    2189    2255    2226    6043    196016    168013
2377    2164    2244    2220    6084    205930    170218
2646    2198    2219    2210    6076    195577    177500
2628    2190    2435    2206    5993    195572    168301
2359    2209    2377    2304    6141    206657    171099
2667    2266    2281    2271    6140    196050    169040
2493    2208    2243    2250    6050    197230    168809
2901    2155    2209    2431    6033    195869    178734
2660    2437    2201    2219    6042    197526    169446
2399    2256    2353    2287    6100    226590    171636
2693    2265    2289    2323    6210    195904    184783
2657    2227    2263    2245    6077    208376    170264
2667    2206    2195    2198    6164    205285    169920
2386    2185    2260    2228    6051    195787    178335
2668    2194    2210    2241    6045    195671    168468
2628    2147    2221    2212    6032    210214    170313
2698    2173    2285    2226    6062    195682    197437
2709    2162    2277    2220    6059    196318    168936
6214    2198    2249    2249    6150    206148    170027
2663    2255    2264    2240    5991    196276    168100
2704    2169    2204    2215    6100    196177    168311
2439    2167    2228    2213    6195    196103    178192
2673    2213    2215    2210    6072    195746    168762
2414    2207    2230    2232    6085    206332    170096
2320    2143    2228    2248    6057    192975    179813
2449    2316    2347    2245    6097    209997    172569
2786    2381    2430    2586    6294    207015    170390
2659    2182    2195    2256    6122    195699    183720
2651    2232    2260    2211    9033    196127    168595
2780    2183    2254    2206    6033    205173    170469
2353    2189    2274    2243    6140    196164    178228
2653    2180    2224    2194    6085    195892    168528
2658    2182    2229    2202    6084    209515    171248
2675    2216    2287    2230    47591    285802    236686
5660    4665    4606    4603    8803    255465    234133
4194    3620    3375    3155    10213    252570    238178
3053    2647    2404    2410    6296    199180    170180
2896    2305    2448    2417    6281    208252    171689
2749    2281    2219    2253    6192    196931    187682
2658    2377    2274    2327    6150    197146    168950
2691    2189    2246    2237    6094    212281    170429
2708    2287    2304    2259    6099    196204    181376
2786    2269    2227    2259    6091    196447    168384
2497    2168    2213    2253    6082    196301    180097
2670    2202    2230    2276    6065    196291    180381
6168    2177    2194    2319    5988    205796    170563
2451    2206    2249    2251    6103    196509    179886
2615    2193    2219    2259    6147    196044    168360
2399    2265    2263    2243    6094    207150    170502
2677    2237    2220    2255    6069    195545    179250
2444    2246    2253    2252    6221    196356    168991
2712    2214    2329    2348    6085    206893    171086
2866    2438    2296    2284    6122    197917    186885
2882    2249    2397    2290    6270    197075    168773
3331    2211    2303    2364    6052    209545    171641
2583    2297    2490    2339    6304    196610    170610
2836    2257    2522    2297    6200    196944    168289
2720    2249    2232    2258    6093    196041    203368
2959    7283    2418    2380    6205    197376    168930
2659    2190    2273    2295    6062    212198    173141
2770    2351    2452    2438    6157    197171    180592
2750    2204    26263    2400    6258    197438    179812
4620    2617    2323    2354    15836    198947    168907
2694    2261    2253    2248    6080    196541    179720
2752    2184    2221    2224    8920    196053    168357
2424    2225    2204    2247    6047    207529    170229
2663    2224    2197    2254    6013    195879    185291
2673    2242    2249    2261    6082    196514    168560
2637    2151    2226    2237    6073    206582    170536
2460    2208    2280    2255    6058    197046    179693
2730    2199    2277    2250    6119    210835    173407
3540    2694    2660    3220    6950    224015    175748
3333    2659    2701    2796    6920    199292    182632
3226    2403    2421    2491    6448    197552    168940
2460    2206    2250    2293    6107    210494    174446
2674    2273    2259    2345    6117    196423    185091
2593    2300    2318    2293    6192    197913    169085
2706    2183    2267    2281    6081    207855    171567
2675    2226    2214    2243    6157    196110    169075
6558    2259    2239    2280    6313    196481    168305
2681    2224    2228    4034    6121    195695    179802
2530    2183    2225    2273    6127    197679    168721
3065    2257    2237    2302    6196    206654    170304
2667    2255    2260    2227    6081    196144    184390
2674    2241    2295    2276    7995    196288    168958
2702    2228    2195    2283    6028    207030    170388
2449    2244    2230    2253    6080    196381    190606
2642    2189    2174    2199    6030    196552    168453
2383    4563    2267    2255    6105    207687    170689
2636    2215    2216    2252    6112    196825    180016
2761    2183    2183    2276    6048    196058    169443
2634    2202    2211    2253    6147    207362    170942
2731    2246    2356    2247    6149    196676    168566
2514    2266    2428    2254    6100    197100    168933
2822    2480    2234    2307    6226    196345    181651
2705    2239    2276    2252    9637    214385    171315
2601    2214    2224    2269    15427    196698    168360
2696    2249    5492    2222    6068    215070    191931
2878    2369    2299    2417    6256    196736    168335
2645    2280    2216    2240    6140    206715    170588
2440    2287    2233    2296    6138    196901    180552
2843    2550    2308    2236    6203    196646    181663
2673    2230    2349    2215    6088    213207    171223
2745    2235    2296    2308    6200    196683    180279
2666    2238    2240    2254    6129    197208    169370
2428    2484    2323    2242    10270    210045    172077
3199    2310    2406    2360    6236    197359    186526
2787    2227    2331    2317    11159    196908    169019
2711    2299    2227    2259    6266    208025    171462
3664    2951    3034    5849    8399    198847    188390
2821    2412    2320    2401    6121    196965    169083
2682    2368    2219    2341    6079    208670    173255
2819    2639    2653    2708    6650    212515    181731
2714    2218    2335    2260    6128    196933    169163
2438    2182    2243    2294    6167    221113    173417
3646    2598    2743    2904    6631    199345    179103
3080    2417    2355    2551    6191    204739    171316
2896    2508    2370    2574    6549    209767    171974
2933    2478    2263    2391    6085    197310    168458
2538    2256    2234    2322    6211    197317    168797
2771    2190    2208    2228    6040    195635    180789
2488    2163    2251    2224    6216    196531    168228
2671    2178    2205    2268    6115    207895    178399
2792    2287    2269    2309    6141    202412    187700
2767    2323    2274    2306    6224    196700    175281
2759    2263    2299    2263    6182    207704    171782
2996    2308    3076    2373    6278    198310    184088
2795    2434    2328    2401    6358    198996    170635
3708    2369    2619    3069    6405    214120    173659
3508    2870    2721    2417    6411    199060    193159
2730    2286    2289    2278    6093    196770    168908
2398    2214    2237    2238    6101    207299    170553
2654    2205    2289    2235    6068    196196    185209
2702    2317    2243    2354    6096    196509    168285
2675    2164    2261    2260    6185    206330    170521
2647    2203    2199    2235    6104    195708    168160
2767    2225    2237    2251    8765    206759    177024
2800    2286    2296    2311    6335    215123    179523
2935    2391    2660    2690    6581    207668    170546
2912    2259    2414    2492    6532    197486    169508
2594    2268    2231    2274    6164    210371    186251
3088    2503    2401    2694    6217    198188    169080
2710    2291    11508    2443    6136    199711    170615
2497    2569    2334    2349    6115    197323    181331
2633    2283    2244    2229    6136    196324    168399
2550    2252    2227    2279    6111    210187    170607
2665    2260    2217    2277    6096    195936    178935
2544    2221    2247    2246    6176    196022    168395
2665    2210    2200    2233    6057    207025    170622
2664    2244    2184    2282    6002    196069    187112
2734    2166    2276    2266    6109    196646    168527
2700    2148    2190    2213    6081    206818    171370
2467    2316    2238    2218    6168    196243    180273
2676    2237    2238    2234    6079    196561    168174
2642    2171    2202    2247    6007    212269    170719
2647    2180    2244    2304    6151    195738    168011
2635    2150    2220    2220    6017    205530    168707
2810    2200    2233    2206    6052    196225    179097
2647    2138    2236    2225    6024    196494    168406
2412    2208    2293    2227    6088    207433    170197
2669    2179    2199    2231    6117    196147    178999
2735    2175    2239    2236    6089    196319    168403
2455    2329    2300    2264    6046    232788    170975
3482    2955    3384    3142    8335    205080    187647
2714    2241    2264    2330    6283    196023    168663
2690    2155    2253    2260    6011    207460    170632
61648    2393    2317    2408    6352    195274    182194
2743    2444    2258    2419    8939    201254    164243
2785    2241    2292    2312    6309    215706    166190
2738    2244    2338    2289    6177    197249    175823
2711    2274    2276    2272    6242    197007    163859
2563    2266    2301    2281    6163    202860    172905
2755    2196    2313    2282    6139    191647    163295
2683    2148    2242    2269    15196    191513    162985
2435    2142    2257    2229    6095    191348    174501
2721    2182    2214    2201    6094    191057    163439
2460    2236    2240    2241    6045    220385    166398
2915    2368    2706    2351    6204    204815    182938
2625    2305    2392    2340    6225    192216    163400
2620    52727    2381    2376    6148    210691    171203
3544    3412    3152    3231    8891    200080    187220
2725    2360    2285    2298    6163    196705    168327
2672    2176    4549    2256    6057    206741    170506
2391    2201    2261    2257    6075    196535    179285
2628    2193    2192    2262    6134    196113    168487
2441    2227    2238    2239    6079    206941    170353
2688    2208    2242    2245    6110    195945    168306
2716    2195    2266    2287    6085    196132    168146
2476    2224    2258    2264    6109    196235    179727
2599    2172    2208    2228    6133    195727    168171
2379    2176    2254    2226    6049    207049    170390
2642    2202    2228    2254    6055    195909    179519
2702    2184    2262    2263    6175    195725    168256
2362    2205    2243    2250    6065    206732    170490
2612    2179    2228    2222    6067    195725    184804
2816    2201    2214    2250    6197    196133    168285
2663    2168    2237    2252    6004    206462    170756
2705    2208    2223    2230    6153    195443    168173
2668    2239    2292    2267    8019    196786    168082
2690    2203    2228    2235    6111    195583    184443
2714    2205    2502    4886    6101    195839    168431
2673    2177    2219    2238    6036    206534    170361
2394    2192    2279    2240    6103    196337    180049
4600    2229    2290    2260    6091    195704    168086
2683    2209    2239    2224    6877    206268    170482
2431    2198    2284    2288    6146    196506    179384
2623    2197    2213    2216    6090    196041    168352
2359    2197    2243    2198    6050    206608    170345
2579    2249    2225    2222    8097    195367    168583

