New MrsP
236992
63544
59305
45223
309466
59027
30720
23605
18575
18216
19410
24140
18664
23073
22852
32222
25701
23120
19020
20734
28542
13439
19188
18986
22421
22654
17800
17851
17423
31653
24396
25481
17804
18718
23086
33430
19346
22668
31556
29923
16918
20867
15768
21482
15913
27951
68262
24416
51653
17312
15997
25002
16299
15817
20362
44740
15865
29419
16835
23388
20231
18215
20442
15804
15538
20163
20207
16660
15684
16008
20331
15809
15832
21891
15396
20311
21442
18681
21274
16085
35371
20773
15373
15549
29997
12276
12410
12376
12116
16969
13823
12449
16280
15752
12335
16613
22828
16517
12510
12613
12266
15675
12384
12733
31960
12555
15917
12336
12347
15834
13260
16063
12359
12317
17130
15950
18876
23762
12537
12390
36368
25661
16428
17901
12361
12497
12385
15746
16127
22512
13560
12520
12518
15759
9014
16018
15792
12420
12456
12452
15946
12379
16216
12403
15813
12523
12570
12466
12212
12407
17740
15859
12777
12380
16139
12442
12374
17206
12526
26550
8961
12436
12315
15831
12327
12446
15930
12336
12337
12506
15818
12367
12476
17100
17385
14863
16047
12510
12433
15977
14123
12481
12285
12593
12322
12461
16055
15842
12631
12330
15937
12132
8460
13586
12027
12009
15414
11801
12097
12138
15484
12178
12922
12344
12483
16054
12338
22277
12571
12635
12692
16195
12751
15762
12409
15841
12076
12604
12735
15524
12767
16013
12755
12457
12830
12128
16082
11975
14023
15474
11972
12056
12105
12118
12144
15523
16004
12065
12233
11975
12166
12049
16190
15584
11981
46133
12899
15612
11820
11572
11852
11691
11749
15150
11548
11720
11740
15123
11954
15674
12214
12274
12144
16573
12335
12143
12023
12221
12245
12358
18027
12310
16169
11808
11685
11720
11713
11849
11824
15424
11955
12147
15384
11991
15392
12211
15284
12467
15116
11698
15662
12488
15458
12307
15308
13600
11947
17718
14769
16150
15366
12373
11940
11804
15021
15278
15543
11892
15664
12416
12156
16208
11848
12151
12904
16640
46611
12744
15443
12011
12439
11743
15223
15643
11933
11945
12544
13441
14854
16003
15150
12335
24133
19179
15964
12256
15975
12060
15482
12162
12031
12052
12314
15577
15508
12026
15661
18482
12389
15628
12030
12731
15323
12146
12230
12054
12045
15655
15662
12328
15448
12328
13138
15645
28869
16489
15269
11852
16730
14735
11994
11681
11624
15328
11843
11976
22098
12151
11740
15309
11790
15399
11962
16112
11910
8362
11779
11804
15294
15465
11969
11879
20457
11863
16936
25538
11882
11628
11884
11858
13459
11892
11771
15173
11828
15189
11819
15123
11772
15431
11728
11768
11707
11712
11882
16493
15679
11872
24624
11853
11754
11541
11429
11677
11323
12286
11349
15358
14900
11865
11829
11766
11831
12041
11856
16704
11899
12044
11636
12038
11841
12139
15244
20938
14878
18636
15202
8335
15172
11981
15198
11350
11462
14867
14856
14831
12294
11320
14677
14814
13827
11347
11424
11836
14966
11551
14890
25194
11546
16893
11442
11364
14849
15015
11472
11275
15359
15222
15214
15651
15452
15275
11915
11757
11739
11762
15347
15419
12634
16168
11841
15064
13391
12128
12119
15380
15096
15376
11778
8224
15361
15428
13745
15271
11725
27226
11619
12006
11880
15197
11886
15251
11662
18843
15138
11704
12026
15365
8409
11753
12132
15383
15210
11800
12249
15152
15261
11800
11477
15055
15141
11781
11777
11840
14785
12351
21909
11522
11600
12825
11669
15259
11715
12063
11568
11239
14845
11323
14917
11506
11384
14877
11796
12553
11490
14947
15032
12022
11415
11458
11615
11318
14948
11484
14745
14979
11240
14901
14933
11449
16710
12473
11449
14741
14833
11542
11612
11957
11561
14951
11313
11549
11513
15114
11515
14765
11409
11388
15081
11355
11568
11460
15077
11984
11960
11958
23488
11878
19304
12082
11898
8215
11685
11842
11642
11879
13774
15619
11772
15115
15624
11642
15129
11817
14636
11702
12368
11813
15584
11861
15241
8387
16672
11882
11992
15195
14899
11538
26141
15095
11539
11544
14632
11562
14773
14777
12064
11821
24409
11747
13459
11806
11997
15237
11780
11675
15342
17008
11899
13949
11978
11763
15125
15353
11828
11800
11643
11833
8410
11673
25432
13216
11761
15205
11695
11869
15539
11825
11829
12402
11952
12484
14146
11842
15054
11591
13397
11789
15195
11712
11626
11851
15308
11801
12002
11659
11634
11646
15076
15052
15164
11846
11871
11732
15030
11799
11977
11950
11835
11316
11460
14723
11413
11283
11320
11401
11419
11500
14841
11334
31472
12934
11656
11471
11715
11537
15010
11376
11562
11567
7907
11446
11688
11199
12727
17005
14440
8335
11728
11786
11705
15000
15379
11949
11911
12302
15161
11825
15309
15106
15400
11806
11853
15427
20239
15335
11701
16657
11912
8432
11846
11884
11753
14970
11818
11745
11739
15085
11850
11865
12241
11940
11907
15202
15043
15146
11893
11685
12079
11860
8191
11644
11979
15444
15432
11705
11746
11641
11614
11672
8221
11707
11674
12644
15147
11630
11848
16033
11764
11844
15318
13595
11947
11751
15143
20038
19163
11890
11924
12152
11573
8429
11824
11815
15161
15107
23921
11785
11715
12352
11864
11644
15194
14993
11906
15363
11820
15128
16604
9688
11580
11675
11355
11465
13164
14998
11506
14728
11679
11406
11536
11327
11624
11617
14971
11630
11404
11354
15102
11735
14907
11467
15193
15038
15208
11819
11527
11500
11464
14745
12913
11470
13717
16983
11456
11591
14980
14960
11585
14635
14960
11405
14910
11906
15233
11500
15138
11363
14738
11646
11285
11659
11231
11714
11796
15010
11790
8481
12183
11954
11794
22337
12002
11659
11812
11864
11909
11726
13721
15486
11923
11349
11531
15045
11603
14800
11397
11660
11541
21124
14987
14820
11924
14858
11457
12334
17593
11692
11843
12210
12012
15628
14991
12992
15513
11715
17035
11807
11741
11898
11904
8229
15176
17009
15321
11959
11774
20698
15428
11875
26280
11852
11736
11920
15587
11955
15540
11797
11694
12043
11852
11740
12039
15349
12148
24892
11975
11817
15166
11861
14766
12126
15242
15014
12239
11607
15424
16650
11937
15299
11859
15423
11809
11912
11881
11827
11719
15391
15221
15307
11902
15156
11790
11853
11868
16787
20942
15173
11776
11643
11899
11764
21708
15479
12041
11905
11745
11762
11801
11732
15196
12219
12840
15489
8257
11786
11753
15849
11831
11904

