112 82 114 7 7 1000
104 84 109 13 13 1000
91 70 95 9 9 1000
104 90 106 11 11 1000
108 83 109 7 7 1000
118 89 120 15 16 1000
117 91 120 10 10 1000
93 74 94 14 14 1000
116 89 119 13 13 1000
103 88 107 10 10 1000
104 78 106 12 12 1000
107 90 107 15 15 1000
120 89 124 9 9 1000
104 80 105 11 11 1000
120 99 125 11 11 1000
109 79 112 15 15 1000
111 85 114 9 9 1000
123 102 128 13 13 1000
116 82 120 10 10 1000
107 83 112 12 12 1000
109 84 111 9 9 1000
107 76 109 14 14 1000
103 79 104 11 11 1000
122 91 124 12 12 1000
122 99 126 13 13 1000
101 79 105 13 13 1000
129 91 131 8 8 1000
106 82 106 8 8 1000
123 93 124 17 17 1000
133 112 135 12 12 1000
117 99 124 9 9 1000
106 86 108 13 13 1000
105 80 108 15 15 1000
103 84 105 16 16 1000
126 99 127 8 8 1000
110 82 112 14 14 1000
107 84 109 14 14 1000
113 81 114 12 12 1000
105 84 107 14 14 1000
112 80 112 14 14 1000
115 90 115 12 12 1000
118 81 120 12 12 1000
105 78 108 9 9 1000
120 93 120 16 16 1000
124 94 126 16 16 1000
103 82 109 8 8 1000
113 88 114 14 14 1000
125 96 129 11 11 1000
112 85 114 8 8 1000
95 70 96 8 8 1000
117 99 120 9 9 1000
97 78 101 8 8 1000
100 81 101 10 10 1000
112 83 113 9 9 1000
99 68 101 8 8 1000
110 85 113 11 11 1000
116 82 119 14 14 1000
116 91 118 10 10 1000
116 93 116 15 15 1000
108 80 111 8 8 1000
130 98 135 9 9 1000
110 86 113 8 8 1000
127 90 128 11 11 1000
105 83 105 13 13 1000
91 74 94 8 8 1000
115 92 119 16 16 1000
118 92 119 12 12 1000
103 80 104 6 6 1000
118 92 122 9 9 1000
113 91 116 17 17 1000
94 81 99 12 12 1000
101 76 104 10 10 1000
123 97 125 12 12 1000
122 89 122 15 15 1000
110 76 113 10 10 1000
106 86 108 14 14 1000
99 73 100 5 5 1000
112 94 115 10 10 1000
109 79 110 8 8 1000
125 99 128 14 14 1000
117 91 118 13 13 1000
101 78 102 9 9 1000
114 88 115 15 15 1000
99 70 101 10 10 1000
102 80 102 6 6 1000
96 72 99 7 7 1000
88 63 90 12 12 1000
115 85 115 11 11 1000
101 81 102 14 14 1000
119 86 120 11 11 1000
105 86 107 12 12 1000
112 98 114 13 13 1000
108 80 111 10 10 1000
118 88 120 10 10 1000
109 82 111 9 9 1000
112 83 116 4 4 1000
115 88 116 9 9 1000
130 103 132 12 12 1000
117 90 117 16 16 1000
107 87 112 14 14 1000
115 85 117 10 10 1000
122 101 126 12 12 1000
114 93 114 10 10 1000
104 88 105 17 17 1000
107 85 111 18 18 1000
130 101 134 12 12 1000
108 78 109 14 14 1000
98 73 100 10 10 1000
114 90 116 13 13 1000
103 80 104 13 13 1000
99 85 102 6 6 1000
116 85 119 13 13 1000
121 99 125 17 17 1000
110 84 113 16 16 1000
91 68 92 6 6 1000
103 84 104 16 16 1000
125 102 129 12 12 1000
97 77 100 11 11 1000
115 80 115 12 12 1000
104 73 105 9 9 1000
115 91 117 12 12 1000
111 92 112 14 14 1000
118 89 122 15 15 1000
117 90 121 11 11 1000
123 98 124 15 15 1000
105 82 107 10 10 1000
127 92 129 13 13 1000
108 87 111 13 13 1000
107 84 109 5 5 1000
113 93 118 7 7 1000
103 88 104 14 14 1000
121 82 122 13 13 1000
119 86 120 10 10 1000
110 85 111 12 12 1000
110 93 113 12 12 1000
99 80 100 7 7 1000
129 93 130 11 11 1000
126 96 128 18 18 1000
101 81 105 12 12 1000
107 87 107 16 16 1000
103 79 106 8 8 1000
133 99 134 10 10 1000
119 91 121 10 10 1000
125 93 126 10 10 1000
113 76 113 13 13 1000
93 69 94 3 3 1000
127 95 128 14 14 1000
108 88 109 12 12 1000
112 85 114 10 10 1000
113 89 115 13 13 1000
102 78 104 10 10 1000
122 80 125 9 9 1000
105 76 107 9 9 1000
107 72 110 7 7 1000
124 89 125 6 6 1000
106 80 106 8 8 1000
114 89 115 8 8 1000
120 91 121 12 12 1000
102 80 107 8 8 1000
104 77 108 13 13 1000
103 76 105 9 9 1000
122 94 124 11 11 1000
102 80 103 12 12 1000
113 86 116 13 13 1000
116 88 117 16 16 1000
106 87 108 11 11 1000
122 99 125 15 15 1000
110 86 112 10 10 1000
112 75 113 8 8 1000
108 79 112 13 13 1000
103 79 106 14 14 1000
96 83 100 4 4 1000
107 84 108 7 7 1000
98 77 100 4 4 1000
101 81 102 7 7 1000
116 89 117 15 15 1000
111 84 113 21 21 1000
103 84 109 8 8 1000
91 57 94 8 8 1000
117 92 117 9 9 1000
116 92 117 13 13 1000
114 85 116 14 14 1000
110 83 111 12 12 1000
128 101 130 18 18 1000
124 98 128 12 12 1000
117 99 119 11 11 1000
97 75 97 11 11 1000
107 84 107 12 12 1000
94 70 94 7 7 1000
92 63 94 6 6 1000
107 72 110 5 5 1000
117 92 121 17 17 1000
97 79 99 9 9 1000
115 90 119 15 15 1000
117 90 118 14 14 1000
117 98 119 15 15 1000
120 92 122 16 16 1000
114 89 115 8 8 1000
101 78 106 6 6 1000
109 75 111 8 8 1000
115 87 116 13 13 1000
118 90 118 9 9 1000
146 117 149 12 12 1000
107 81 109 8 8 1000
117 98 119 12 12 1000
120 89 120 12 12 1000
100 81 105 7 7 1000
107 78 110 10 10 1000
110 85 111 11 11 1000
103 77 105 17 17 1000
129 96 134 8 8 1000
109 76 113 13 14 1000
126 98 128 13 13 1000
116 87 121 10 10 1000
103 84 103 11 11 1000
98 71 98 13 13 1000
113 86 116 5 5 1000
110 80 112 17 17 1000
95 73 99 8 8 1000
135 105 139 10 10 1000
92 75 94 6 6 1000
121 96 126 17 17 1000
117 88 119 10 10 1000
105 80 106 11 11 1000
93 63 98 7 7 1000
131 99 132 16 16 1000
114 93 117 9 9 1000
102 70 105 7 7 1000
122 89 125 15 15 1000
122 92 122 14 14 1000
118 91 118 15 15 1000
83 69 84 10 10 1000
109 84 109 16 16 1000
127 93 130 10 10 1000
103 80 105 11 11 1000
110 80 110 13 13 1000
129 94 131 5 5 1000
103 75 105 16 16 1000
110 88 115 19 20 1000
119 90 121 14 14 1000
110 87 112 9 9 1000
103 80 106 14 14 1000
127 96 129 9 9 1000
105 84 110 13 13 1000
117 91 117 7 7 1000
107 86 109 11 11 1000
116 86 117 6 6 1000
101 81 106 7 7 1000
108 84 111 7 7 1000
105 73 106 7 7 1000
108 87 108 6 6 1000
105 77 107 8 8 1000
102 74 102 14 14 1000
111 86 114 5 5 1000
96 69 100 5 5 1000
109 82 111 17 17 1000
106 80 107 7 7 1000
116 89 120 11 11 1000
113 77 113 14 14 1000
106 79 106 8 8 1000
107 84 109 12 12 1000
92 68 96 8 8 1000
117 82 119 15 15 1000
100 75 104 12 12 1000
104 73 107 4 4 1000
110 91 111 13 13 1000
99 72 103 8 8 1000
120 90 122 11 11 1000
107 76 108 8 8 1000
107 80 110 13 13 1000
103 84 109 13 13 1000
110 75 111 13 13 1000
121 95 122 9 9 1000
128 104 130 17 17 1000
103 76 110 8 8 1000
119 91 122 10 10 1000
126 91 128 16 16 1000
117 103 118 6 6 1000
103 81 108 9 9 1000
97 76 99 8 8 1000
114 88 119 21 21 1000
102 76 105 11 11 1000
109 82 114 11 11 1000
116 90 117 12 12 1000
117 89 119 13 13 1000
113 86 115 9 9 1000
107 88 111 14 14 1000
109 83 111 10 10 1000
127 98 129 9 9 1000
114 97 118 14 14 1000
100 72 101 8 8 1000
123 94 123 10 10 1000
120 97 121 15 15 1000
123 92 126 17 17 1000
102 71 103 10 10 1000
105 72 106 11 11 1000
119 99 121 11 12 1000
111 77 115 11 11 1000
116 90 116 16 16 1000
106 79 108 15 15 1000
102 82 104 11 11 1000
128 97 129 17 17 1000
99 64 101 13 13 1000
103 81 103 13 13 1000
121 92 121 8 8 1000
93 70 95 10 10 1000
108 86 110 14 14 1000
91 78 95 10 10 1000
109 87 109 8 8 1000
92 78 95 8 8 1000
107 82 108 15 15 1000
130 107 135 14 14 1000
119 88 121 13 13 1000
118 89 118 5 5 1000
117 92 120 12 12 1000
82 54 82 4 4 1000
114 84 116 13 13 1000
113 80 115 10 10 1000
118 83 121 6 6 1000
101 78 106 8 8 1000
117 86 121 11 11 1000
114 86 120 14 14 1000
123 100 125 13 13 1000
114 88 117 13 13 1000
98 75 100 17 17 1000
107 86 110 13 13 1000
96 77 98 7 7 1000
105 79 105 12 12 1000
107 83 109 14 14 1000
133 100 137 11 11 1000
109 85 112 8 8 1000
112 88 114 11 12 1000
118 92 120 8 8 1000
99 77 100 9 9 1000
112 91 115 12 12 1000
112 80 113 11 11 1000
110 87 111 13 13 1000
101 76 104 9 9 1000
107 75 107 9 9 1000
105 78 111 12 12 1000
111 86 112 12 12 1000
117 100 121 15 15 1000
136 109 138 10 10 1000
114 91 115 15 15 1000
104 75 106 7 7 1000
109 84 109 15 15 1000
127 101 128 15 15 1000
83 65 85 4 4 1000
117 88 121 9 9 1000
122 96 124 12 12 1000
106 81 110 12 12 1000
125 94 127 6 6 1000
113 77 115 9 9 1000
107 75 107 11 11 1000
109 83 110 8 8 1000
108 80 110 8 8 1000
118 93 122 14 14 1000
107 80 108 10 10 1000
125 91 126 15 15 1000
112 87 113 17 17 1000
83 64 84 4 4 1000
107 82 111 9 9 1000
111 87 111 10 10 1000
129 94 129 12 12 1000
106 86 108 11 11 1000
113 80 117 7 7 1000
97 69 97 7 7 1000
100 75 101 11 11 1000
93 72 96 8 8 1000
130 100 132 11 11 1000
113 90 115 14 14 1000
106 73 110 8 8 1000
129 95 131 14 14 1000
97 79 101 11 11 1000
121 96 121 18 18 1000
108 73 112 8 8 1000
116 92 116 12 12 1000
98 76 101 9 9 1000
95 78 96 11 12 1000
122 92 125 13 13 1000
123 90 124 12 12 1000
108 88 109 6 6 1000
102 79 103 11 11 1000
92 78 96 9 9 1000
113 95 116 12 12 1000
107 85 110 7 7 1000
111 89 116 10 10 1000
106 83 109 11 11 1000
109 83 111 15 15 1000
110 89 112 10 10 1000
126 87 130 13 13 1000
112 91 113 11 11 1000
121 97 125 15 15 1000
100 77 103 11 11 1000
118 94 121 12 12 1000
111 85 114 10 10 1000
115 90 115 17 17 1000
102 78 105 9 9 1000
117 96 118 9 9 1000
97 75 98 16 16 1000
128 102 130 15 16 1000
125 92 127 9 9 1000
96 76 99 12 12 1000
106 78 109 9 9 1000
111 88 113 5 5 1000
105 76 105 5 5 1000
103 73 107 8 8 1000
108 80 108 9 9 1000
116 95 121 13 13 1000
118 93 122 12 12 1000
119 90 121 5 5 1000
102 81 103 13 13 1000
91 71 98 5 5 1000
101 75 102 13 13 1000
110 81 111 17 17 1000
101 82 102 11 11 1000
119 96 121 3 3 1000
124 97 127 10 10 1000
105 84 107 9 9 1000
94 66 95 11 11 1000
117 94 118 12 12 1000
115 88 117 15 15 1000
99 75 101 11 11 1000
108 82 110 7 7 1000
112 77 112 10 10 1000
109 89 111 11 11 1000
90 63 95 6 6 1000
117 80 119 13 14 1000
121 94 123 13 13 1000
118 87 118 13 13 1000
111 84 114 13 13 1000
110 87 114 9 9 1000
136 103 138 15 15 1000
107 84 109 11 11 1000
115 85 116 10 10 1000
133 104 135 18 18 1000
127 88 130 10 10 1000
104 77 105 5 5 1000
89 70 95 9 9 1000
106 86 109 11 11 1000
108 75 114 10 10 1000
106 76 110 11 11 1000
102 80 104 15 15 1000
100 69 101 11 11 1000
102 84 103 7 7 1000
112 83 115 12 12 1000
110 89 111 7 7 1000
115 84 117 10 10 1000
108 85 114 11 11 1000
116 83 118 17 17 1000
111 89 113 14 14 1000
100 75 100 9 9 1000
97 71 99 8 8 1000
100 76 100 10 10 1000
100 79 104 9 9 1000
131 102 134 12 12 1000
125 94 127 11 11 1000
94 74 95 10 10 1000
98 77 99 16 16 1000
108 88 111 7 7 1000
112 75 116 8 8 1000
111 88 113 17 17 1000
94 64 97 8 8 1000
105 71 107 12 12 1000
134 106 137 15 15 1000
125 96 128 12 12 1000
111 83 113 14 14 1000
104 75 105 9 9 1000
93 79 94 5 5 1000
105 82 110 8 8 1000
111 93 113 12 12 1000
101 79 102 9 9 1000
111 80 114 13 13 1000
117 81 120 18 18 1000
112 76 113 11 11 1000
121 87 122 14 14 1000
113 93 116 9 9 1000
106 77 108 12 12 1000
113 87 114 15 15 1000
134 95 135 21 21 1000
108 90 113 14 14 1000
114 96 117 15 15 1000
111 89 114 11 11 1000
119 87 123 6 6 1000
108 84 110 16 16 1000
121 94 123 18 18 1000
112 79 116 10 10 1000
110 79 115 12 12 1000
106 80 111 6 6 1000
102 76 104 10 10 1000
115 88 115 11 11 1000
115 84 119 10 10 1000
95 78 96 16 16 1000
93 74 97 11 11 1000
106 76 110 8 8 1000
107 83 111 8 8 1000
114 82 116 7 7 1000
124 98 124 17 17 1000
104 82 109 11 11 1000
134 99 135 12 12 1000
110 82 112 6 6 1000
126 85 128 10 10 1000
106 79 108 15 15 1000
111 76 113 6 6 1000
112 86 113 6 6 1000
123 89 126 15 15 1000
112 86 115 10 10 1000
121 93 123 12 12 1000
102 81 105 13 13 1000
110 88 111 8 8 1000
119 93 120 16 16 1000
110 88 110 8 8 1000
99 81 103 9 9 1000
118 84 120 11 11 1000
101 72 104 14 14 1000
134 96 136 9 9 1000
119 94 121 15 15 1000
119 93 120 11 11 1000
121 100 122 16 16 1000
107 89 111 12 12 1000
96 82 99 13 13 1000
119 90 124 10 10 1000
120 93 121 15 15 1000
103 93 106 15 15 1000
110 87 112 7 7 1000
110 86 113 10 10 1000
114 91 116 3 3 1000
112 81 115 10 10 1000
111 81 111 15 15 1000
116 82 122 11 11 1000
111 97 113 6 6 1000
114 95 116 9 9 1000
116 87 122 10 10 1000
109 85 112 17 17 1000
113 78 114 7 7 1000
115 93 119 7 7 1000
105 80 108 12 12 1000
114 93 114 13 13 1000
121 97 123 17 17 1000
110 86 114 11 11 1000
111 79 116 7 7 1000
115 87 117 14 14 1000
104 81 106 12 12 1000
112 88 116 13 13 1000
116 85 116 10 10 1000
120 98 121 8 8 1000
119 94 122 14 14 1000
117 94 119 6 6 1000
113 87 115 9 9 1000
114 92 116 10 10 1000
119 92 124 14 14 1000
94 79 98 8 8 1000
109 89 113 13 13 1000
105 81 106 16 16 1000
116 91 118 14 14 1000
115 84 117 9 9 1000
126 90 129 15 15 1000
124 95 128 8 8 1000
110 81 117 7 7 1000
98 68 103 10 10 1000
105 80 111 4 4 1000
107 78 108 11 11 1000
106 76 108 7 7 1000
96 70 96 8 8 1000
104 82 106 15 15 1000
113 79 116 8 8 1000
119 93 121 12 12 1000
130 104 133 11 11 1000
99 77 101 8 8 1000
95 80 97 20 20 1000
122 95 125 17 17 1000
126 83 127 17 17 1000
110 85 113 17 17 1000
119 100 124 13 13 1000
118 95 119 16 16 1000
117 87 119 11 11 1000
85 60 88 9 9 1000
108 75 110 16 16 1000
120 94 124 14 14 1000
114 83 117 11 11 1000
113 82 115 11 11 1000
109 77 112 9 9 1000
106 79 109 14 14 1000
111 92 113 5 5 1000
119 89 124 9 9 1000
108 85 111 11 11 1000
96 73 99 8 8 1000
106 73 107 10 10 1000
100 81 100 6 6 1000
128 105 129 13 14 1000
118 92 125 12 12 1000
117 83 118 9 9 1000
114 91 116 14 14 1000
99 78 102 16 16 1000
127 99 130 12 12 1000
105 77 106 10 11 1000
108 78 110 16 16 1000
110 85 114 11 11 1000
118 88 118 13 13 1000
107 80 108 10 10 1000
121 80 121 14 14 1000
123 95 125 9 9 1000
92 72 95 9 9 1000
111 90 114 17 17 1000
119 90 121 13 13 1000
103 82 105 10 10 1000
118 89 121 11 11 1000
116 83 119 15 15 1000
94 66 95 12 12 1000
118 90 119 10 10 1000
108 78 111 12 12 1000
108 83 110 9 9 1000
117 89 118 11 11 1000
94 77 96 6 6 1000
121 93 124 15 15 1000
116 92 119 6 6 1000
119 96 124 14 14 1000
113 81 116 6 6 1000
96 71 100 9 9 1000
115 87 117 10 10 1000
106 86 106 14 14 1000
117 82 117 9 9 1000
109 78 110 12 12 1000
111 84 115 9 9 1000
131 107 133 18 18 1000
108 87 108 14 14 1000
91 66 92 5 5 1000
123 83 126 15 15 1000
107 85 108 12 12 1000
114 96 118 14 14 1000
114 90 118 12 12 1000
115 88 116 15 15 1000
113 84 115 16 16 1000
125 97 128 10 10 1000
105 75 105 7 7 1000
106 82 107 14 14 1000
100 81 102 11 11 1000
104 85 109 11 11 1000
109 81 110 9 9 1000
123 90 124 7 7 1000
82 58 84 6 6 1000
117 87 119 12 12 1000
122 96 123 12 12 1000
94 85 96 12 12 1000
94 72 98 12 12 1000
111 75 112 10 10 1000
96 72 97 9 9 1000
109 81 113 10 10 1000
108 84 108 9 9 1000
102 76 105 11 11 1000
107 87 111 7 7 1000
122 101 125 15 15 1000
105 85 106 10 10 1000
108 83 111 11 11 1000
117 73 118 10 10 1000
107 88 111 14 14 1000
112 81 114 9 9 1000
105 77 107 5 5 1000
106 85 108 7 7 1000
114 97 116 8 8 1000
95 74 95 6 6 1000
107 81 107 12 12 1000
115 86 117 10 10 1000
103 79 105 8 8 1000
107 83 107 14 14 1000
111 92 112 16 16 1000
120 85 123 7 7 1000
107 91 109 10 10 1000
100 80 101 11 11 1000
109 73 112 12 12 1000
106 84 110 10 10 1000
111 96 114 13 13 1000
105 81 109 11 11 1000
127 96 131 13 13 1000
103 84 104 9 9 1000
112 81 113 13 13 1000
108 92 110 10 11 1000
111 83 111 12 12 1000
118 92 118 11 11 1000
119 86 123 6 6 1000
121 90 124 14 14 1000
104 74 105 18 18 1000
121 91 122 9 9 1000
118 93 118 14 14 1000
117 98 120 20 20 1000
105 83 109 8 8 1000
113 87 114 15 15 1000
109 81 113 11 11 1000
95 69 97 11 11 1000
111 85 115 9 9 1000
113 88 115 12 12 1000
96 73 97 10 10 1000
101 80 102 10 10 1000
106 80 107 8 8 1000
115 92 118 10 10 1000
113 83 118 12 12 1000
110 81 112 6 6 1000
104 82 104 4 4 1000
111 72 112 4 4 1000
124 96 130 19 19 1000
115 90 119 16 16 1000
90 67 91 8 8 1000
114 82 117 8 8 1000
105 78 107 13 13 1000
110 87 111 11 11 1000
92 66 94 3 3 1000
125 93 128 18 18 1000
101 79 103 9 9 1000
106 84 107 13 13 1000
115 92 119 13 13 1000
113 91 116 10 10 1000
91 59 92 10 10 1000
112 85 114 13 13 1000
126 95 126 4 4 1000
96 69 98 15 15 1000
106 88 108 13 13 1000
110 87 110 9 9 1000
113 88 117 11 11 1000
109 83 113 12 12 1000
108 79 109 13 13 1000
127 95 130 11 11 1000
112 87 113 18 19 1000
121 89 123 12 12 1000
107 86 108 7 7 1000
102 73 104 9 9 1000
104 84 106 14 14 1000
125 101 128 14 14 1000
100 71 102 6 6 1000
114 89 116 14 14 1000
121 93 122 13 13 1000
123 97 123 11 11 1000
125 93 127 15 15 1000
103 84 112 6 6 1000
107 85 108 11 11 1000
102 76 102 8 8 1000
103 77 103 16 16 1000
110 74 112 9 9 1000
120 93 123 15 16 1000
108 80 109 14 14 1000
103 80 103 9 9 1000
115 77 119 13 13 1000
102 75 103 11 11 1000
113 87 119 13 13 1000
112 87 114 8 8 1000
120 85 121 10 10 1000
98 80 99 7 7 1000
118 84 121 18 18 1000
107 84 108 15 15 1000
101 74 104 11 11 1000
103 80 105 12 12 1000
96 72 100 9 9 1000
97 70 99 9 9 1000
116 91 117 14 14 1000
99 87 100 10 10 1000
115 86 117 13 13 1000
106 79 109 14 14 1000
104 76 108 9 9 1000
121 92 125 10 10 1000
123 100 126 4 4 1000
105 80 110 14 14 1000
98 73 101 13 13 1000
106 82 106 10 10 1000
108 79 108 9 9 1000
119 90 121 7 7 1000
121 97 124 14 14 1000
102 79 103 7 7 1000
117 84 118 12 12 1000
116 89 118 6 6 1000
113 83 115 11 11 1000
124 92 124 18 18 1000
101 79 102 7 7 1000
114 93 116 16 16 1000
117 92 121 16 16 1000
111 83 112 8 8 1000
105 79 109 5 5 1000
118 95 119 14 14 1000
101 82 102 15 15 1000
121 88 123 10 10 1000
103 65 103 10 10 1000
107 86 109 12 12 1000
125 90 125 12 12 1000
122 89 125 16 16 1000
94 68 94 8 8 1000
121 95 124 10 10 1000
112 85 114 10 10 1000
115 87 115 19 19 1000
94 76 95 12 12 1000
106 82 108 10 10 1000
108 76 109 7 7 1000
118 81 120 16 16 1000
117 89 119 11 11 1000
121 91 124 13 13 1000
123 97 125 9 9 1000
104 84 105 12 12 1000
125 99 128 14 14 1000
98 72 103 7 7 1000
102 75 102 10 10 1000
105 87 108 12 12 1000
103 86 103 14 14 1000
112 86 113 13 13 1000
115 83 117 10 10 1000
99 80 100 16 16 1000
112 85 114 15 15 1000
108 80 110 13 13 1000
107 88 108 9 9 1000
118 87 120 18 18 1000
124 95 125 10 11 1000
84 66 86 11 11 1000
121 98 124 18 18 1000
113 88 115 9 9 1000
97 68 98 15 15 1000
115 86 116 9 9 1000
108 88 110 9 9 1000
117 96 118 12 12 1000
127 105 128 16 16 1000
98 78 99 10 10 1000
123 96 124 6 6 1000
105 78 108 12 12 1000
111 85 114 12 12 1000
116 96 118 12 12 1000
104 83 108 10 10 1000
97 78 100 11 11 1000
104 84 106 11 11 1000
102 82 103 12 12 1000
108 92 109 10 10 1000
107 82 108 9 9 1000
103 67 103 10 10 1000
99 81 100 13 13 1000
112 85 113 7 7 1000
108 72 110 14 14 1000
118 88 119 9 9 1000
104 85 106 10 10 1000
111 81 114 10 10 1000
117 93 119 7 7 1000
106 82 108 10 10 1000
107 87 110 14 14 1000
104 69 105 5 5 1000
100 76 101 12 12 1000
116 91 121 9 9 1000
109 84 111 15 15 1000
99 84 101 13 13 1000
128 93 128 7 7 1000
123 95 125 7 7 1000
117 83 119 13 13 1000
113 83 115 10 11 1000
83 65 85 10 10 1000
108 91 111 16 16 1000
103 82 109 9 9 1000
113 86 115 3 3 1000
98 74 98 9 9 1000
107 75 108 8 8 1000
125 101 128 16 16 1000
119 90 123 16 16 1000
115 90 118 14 14 1000
120 97 123 8 8 1000
121 83 124 11 11 1000
118 93 119 15 15 1000
102 79 104 8 8 1000
136 104 136 13 13 1000
97 73 97 9 9 1000
100 80 103 17 17 1000
106 90 113 14 14 1000
106 78 109 14 14 1000
104 77 105 7 7 1000
107 79 111 8 8 1000
108 83 108 11 11 1000
135 103 136 13 14 1000
91 67 91 8 8 1000
117 92 121 16 16 1000
101 72 104 12 12 1000
107 85 110 15 15 1000
109 79 111 8 8 1000
94 65 96 5 5 1000
107 82 109 7 7 1000
115 94 116 8 8 1000
103 78 105 6 6 1000
111 82 114 12 12 1000
121 91 122 16 16 1000
97 77 98 11 11 1000
104 75 104 5 5 1000
115 90 118 12 12 1000
121 93 123 8 8 1000
112 92 115 15 15 1000
118 89 120 15 15 1000
98 71 99 8 9 1000
119 88 121 5 5 1000
103 80 106 9 9 1000
111 77 114 12 12 1000
124 88 129 15 15 1000
110 85 111 12 12 1000
109 85 112 13 13 1000
116 96 119 10 10 1000
116 91 119 15 15 1000
112 84 116 9 9 1000
108 79 110 11 11 1000
108 89 111 17 17 1000
113 90 118 10 10 1000
100 79 102 4 4 1000
117 87 117 10 10 1000
124 94 124 18 18 1000
125 99 129 15 15 1000
95 73 97 10 10 1000
118 89 121 9 9 1000
83 68 86 10 10 1000
111 92 113 17 17 1000
107 81 111 12 12 1000
109 89 111 12 12 1000
120 92 123 13 13 1000
109 83 112 12 12 1000
103 76 105 10 10 1000
108 85 109 9 9 1000
102 70 104 14 14 1000
108 91 110 15 15 1000
118 83 121 17 17 1000
109 82 111 9 9 1000
111 91 116 18 18 1000
107 71 109 13 13 1000
118 87 121 9 9 1000
98 79 104 9 9 1000
113 86 113 17 17 1000
118 91 119 9 9 1000
109 82 113 6 6 1000
113 87 116 7 7 1000
106 78 108 10 10 1000
112 85 114 7 7 1000
115 80 116 11 11 1000
118 80 121 16 16 1000
124 88 126 13 13 1000
112 78 115 11 11 1000
97 75 99 9 9 1000
106 85 109 10 10 1000
95 75 98 16 16 1000
111 73 111 11 11 1000
105 81 107 6 6 1000
126 99 131 8 8 1000
121 88 125 8 8 1000
101 69 104 11 11 1000
126 98 129 15 15 1000
110 82 113 17 17 1000
113 77 116 14 14 1000
102 74 103 12 12 1000
104 87 107 14 14 1000
120 94 122 15 15 1000
103 83 108 10 10 1000
106 79 108 11 11 1000
125 94 129 15 15 1000
121 90 121 13 13 1000
120 91 123 7 7 1000
109 75 113 13 13 1000
135 105 138 9 9 1000
104 74 105 8 8 1000
119 97 120 7 7 1000
114 95 116 15 15 1000
114 92 115 11 11 1000
104 75 105 13 13 1000
119 97 120 16 16 1000
93 76 94 9 9 1000
90 67 93 7 7 1000
92 79 96 6 6 1000
118 89 120 16 16 1000
118 84 122 12 12 1000
115 89 115 7 7 1000
96 71 99 15 15 1000
93 72 94 7 7 1000
100 73 102 12 12 1000
105 73 107 11 11 1000
91 66 93 8 8 1000
123 88 125 10 10 1000
131 97 134 18 18 1000
108 84 111 12 12 1000
103 81 106 13 13 1000
106 74 107 8 8 1000
102 66 104 8 8 1000
99 77 102 9 9 1000
108 80 112 6 6 1000
115 89 115 11 11 1000
104 84 105 14 14 1000
114 83 115 7 7 1000
124 97 128 11 11 1000
114 85 114 13 13 1000
97 76 100 13 13 1000
126 91 128 14 14 1000
112 92 115 16 16 1000
105 77 106 9 9 1000
109 83 111 13 13 1000
112 88 115 9 9 1000
117 98 118 17 17 1000
95 77 96 6 6 1000
115 88 118 15 15 1000
111 84 113 9 9 1000
104 79 106 11 11 1000
121 98 124 15 15 1000
108 93 110 8 8 1000
110 80 111 9 9 1000
111 86 115 10 10 1000
112 83 114 11 11 1000
119 87 123 15 15 1000
122 100 124 15 15 1000
118 92 120 10 10 1000
113 81 113 14 14 1000

