180 152 185 28 28 1000
170 128 173 20 20 1000
187 150 191 25 25 1000
166 141 171 24 25 1000
162 126 165 27 27 1000
188 142 192 30 30 1000
170 132 174 23 24 1000
195 149 195 21 21 1000
180 140 181 28 29 1000
177 143 184 18 18 1000
187 150 194 24 24 1000
194 154 199 20 20 1000
182 145 186 33 33 1000
164 135 168 22 22 1000
160 133 161 21 21 1000
187 148 189 29 29 1000
171 139 177 25 26 1000
171 128 173 14 14 1000
164 127 169 30 30 1000
181 150 184 26 26 1000
171 138 177 22 22 1000
184 139 189 25 25 1000
173 142 176 25 25 1000
156 135 158 19 19 1000
177 142 180 25 25 1000
169 135 170 24 24 1000
175 142 181 25 25 1000
179 140 188 25 25 1000
157 124 160 19 19 1000
177 150 183 18 18 1000
176 135 181 15 15 1000
165 128 170 18 18 1000
171 140 172 30 30 1000
190 155 193 25 25 1000
166 137 168 22 22 1000
191 156 195 34 35 1000
188 152 192 30 30 1000
172 142 176 22 22 1000
194 158 197 24 24 1000
161 137 167 22 22 1000
155 118 157 14 14 1000
184 144 188 24 24 1000
169 149 175 30 30 1000
194 150 197 21 21 1000
171 147 179 23 23 1000
197 150 199 30 30 1000
185 158 186 27 27 1000
165 127 167 17 17 1000
182 139 185 31 31 1000
159 128 161 17 17 1000
156 137 159 28 28 1000
167 136 172 19 19 1000
174 136 176 24 24 1000
160 139 163 25 25 1000
179 142 184 32 32 1000
192 146 194 21 21 1000
186 151 190 21 21 1000
181 141 185 30 30 1000
184 155 187 34 34 1000
150 118 155 24 24 1000
171 135 171 31 31 1000
173 138 177 30 30 1000
177 149 183 26 26 1000
177 137 182 26 26 1000
187 156 192 27 27 1000
173 143 174 24 24 1000
174 146 178 23 23 1000
177 151 184 22 22 1000
190 149 197 23 23 1000
161 138 166 27 27 1000
193 151 198 31 31 1000
166 132 168 18 18 1000
177 139 180 28 28 1000
168 136 171 27 27 1000
161 129 163 21 21 1000
173 141 178 29 29 1000
169 136 174 22 22 1000
182 143 184 16 16 1000
171 150 174 31 31 1000
172 141 176 22 22 1000
161 127 167 24 24 1000
170 139 174 22 22 1000
169 125 170 24 24 1000
176 134 178 24 24 1000
192 163 195 36 36 1000
168 135 175 20 20 1000
176 136 185 23 23 1000
155 128 159 25 25 1000
183 152 186 27 27 1000
186 152 192 24 24 1000
170 139 178 26 26 1000
179 147 185 22 22 1000
168 133 173 30 30 1000
168 138 173 22 22 1000
173 148 180 21 21 1000
173 142 177 26 26 1000
182 138 186 22 22 1000
198 163 202 29 29 1000
167 134 174 28 28 1000
175 139 178 19 19 1000
198 157 203 26 26 1000
173 143 180 34 34 1000
157 125 159 27 27 1000
168 140 172 31 31 1000
180 145 184 23 23 1000
211 167 214 41 41 1000
164 133 168 24 24 1000
190 148 193 28 28 1000
195 156 200 27 27 1000
161 134 166 20 20 1000
185 147 190 29 29 1000
189 150 193 26 26 1000
193 151 198 35 35 1000
183 142 188 26 26 1000
185 147 189 20 20 1000
183 153 193 20 20 1000
161 126 163 27 27 1000
183 153 187 29 29 1000
193 160 201 30 30 1000
180 138 183 22 22 1000
175 140 177 25 25 1000
161 133 162 31 31 1000
187 142 190 23 23 1000
168 135 170 18 18 1000
158 138 162 27 27 1000
167 135 173 26 26 1000
167 134 171 26 26 1000
188 153 193 28 28 1000
180 140 186 29 30 1000
185 149 187 28 28 1000
168 127 173 23 23 1000
194 148 198 24 24 1000
194 165 196 36 36 1000
163 138 169 29 29 1000
176 153 180 27 28 1000
172 142 174 29 29 1000
169 126 171 13 13 1000
184 150 188 18 18 1000
181 145 184 18 18 1000
167 126 170 17 17 1000
180 137 183 19 19 1000
161 136 166 21 21 1000
171 143 178 26 26 1000
151 115 153 29 29 1000
191 163 196 32 32 1000
176 144 179 25 25 1000
157 121 161 22 22 1000
185 155 188 33 33 1000
165 140 169 32 32 1000
181 146 185 31 31 1000
171 128 174 29 29 1000
147 115 148 28 28 1000
178 145 180 22 22 1000
155 122 158 20 20 1000
180 149 182 23 23 1000
165 122 167 30 30 1000
179 135 180 24 24 1000
178 150 184 32 32 1000
177 142 178 31 31 1000
165 141 166 24 24 1000
181 144 186 26 26 1000
188 155 192 26 26 1000
181 140 186 18 18 1000
165 131 168 27 27 1000
170 138 171 23 24 1000
171 140 173 35 35 1000
184 154 187 22 22 1000
178 143 178 29 29 1000
169 136 171 22 22 1000
185 149 187 28 28 1000
168 137 175 23 23 1000
174 138 176 29 29 1000
163 122 164 17 17 1000
183 147 186 21 21 1000
169 137 173 23 23 1000
165 134 170 24 24 1000
189 152 190 24 24 1000
163 129 165 25 25 1000
157 129 165 19 19 1000
173 138 178 22 22 1000
181 145 186 22 22 1000
159 124 162 26 26 1000
172 138 174 20 20 1000
186 150 192 29 29 1000
165 134 170 25 25 1000
192 158 196 27 27 1000
185 142 185 26 26 1000
196 153 200 33 33 1000
177 144 180 25 25 1000
183 146 189 26 26 1000
177 146 182 24 25 1000
174 144 175 28 28 1000
182 143 185 19 19 1000
192 151 193 23 23 1000
162 131 165 18 18 1000
192 154 194 21 21 1000
164 140 170 20 20 1000
203 162 204 33 33 1000
173 141 179 18 18 1000
184 137 191 26 27 1000
180 149 185 23 23 1000
156 127 165 23 23 1000
160 130 163 22 22 1000
180 147 185 29 29 1000
174 140 179 23 23 1000
184 152 186 23 23 1000
166 129 166 21 21 1000
189 147 191 22 22 1000
161 134 161 32 32 1000
177 142 180 17 17 1000
191 147 196 27 27 1000
188 140 191 34 34 1000
177 147 179 29 29 1000
160 113 165 19 19 1000
182 151 186 32 32 1000
162 137 165 27 28 1000
176 140 178 27 27 1000
161 132 165 28 28 1000
175 152 183 27 27 1000
205 164 208 30 30 1000
151 122 155 19 19 1000
155 130 157 20 20 1000
188 157 192 22 22 1000
159 134 162 19 19 1000
160 120 165 21 21 1000
157 129 159 27 27 1000
166 132 171 21 21 1000
193 164 197 17 17 1000
158 132 162 12 12 1000
202 166 206 24 25 1000
183 151 185 29 29 1000
181 148 187 31 31 1000
166 138 169 23 23 1000
166 141 174 19 19 1000
172 121 174 18 18 1000
166 127 172 17 17 1000
188 154 190 21 21 1000
171 134 172 12 12 1000
178 152 182 29 29 1000
186 143 187 28 28 1000
184 155 185 23 23 1000
188 148 193 27 27 1000
164 125 172 17 17 1000
177 143 179 22 22 1000
182 150 188 30 30 1000
190 148 191 30 30 1000
159 125 162 18 18 1000
163 125 168 22 22 1000
184 149 187 27 28 1000
160 136 162 22 22 1000
169 145 174 23 23 1000
186 151 191 29 29 1000
179 138 186 20 20 1000
169 133 172 18 18 1000
168 138 175 32 32 1000
177 141 179 22 22 1000
173 141 174 23 23 1000
192 158 197 26 26 1000
162 127 168 19 19 1000
193 162 197 30 30 1000
174 130 175 21 21 1000
201 164 203 36 36 1000
172 136 176 28 28 1000
169 133 173 27 27 1000
156 139 160 23 23 1000
180 144 189 23 23 1000
157 124 160 26 26 1000
184 154 186 23 23 1000
175 151 180 23 23 1000
173 136 175 24 24 1000
180 154 185 23 23 1000
189 157 192 29 29 1000
179 136 183 24 24 1000
172 140 178 17 17 1000
191 159 198 28 28 1000
187 149 191 23 23 1000
171 133 172 19 20 1000
172 147 176 20 20 1000
163 135 164 19 19 1000
177 142 181 22 22 1000
164 130 166 23 23 1000
188 152 192 28 28 1000
176 146 181 28 28 1000
175 139 178 23 23 1000
179 131 185 27 27 1000
182 145 185 25 25 1000
170 145 176 24 24 1000
206 161 207 29 29 1000
182 146 185 27 27 1000
175 140 177 22 22 1000
173 134 177 24 24 1000
159 121 163 19 19 1000
180 142 182 22 22 1000
191 147 195 27 28 1000
169 137 171 19 19 1000
195 146 198 28 28 1000
171 141 176 19 19 1000
167 124 171 25 25 1000
156 123 161 21 21 1000
178 155 181 21 21 1000
183 137 188 28 28 1000
189 142 195 14 14 1000
181 138 182 27 27 1000
168 137 174 32 32 1000
187 150 187 25 25 1000
163 132 167 19 19 1000
175 136 177 16 16 1000
165 139 168 32 32 1000
177 138 183 25 25 1000
160 134 163 32 32 1000
165 138 168 29 29 1000
155 135 163 32 32 1000
143 113 145 19 19 1000
162 140 167 27 27 1000
152 123 155 21 21 1000
166 138 169 19 19 1000
174 141 176 23 23 1000
178 145 181 28 28 1000
201 165 204 29 30 1000
187 145 192 24 25 1000
166 138 168 30 30 1000
187 163 190 26 26 1000
181 159 183 27 27 1000
154 122 156 22 22 1000
183 151 186 33 33 1000
169 143 174 35 35 1000
170 130 173 23 23 1000
188 154 190 29 29 1000
191 158 198 24 24 1000
173 144 177 25 25 1000
147 117 152 24 24 1000
181 147 182 35 35 1000
152 122 156 21 21 1000
182 140 184 20 20 1000
165 135 167 20 20 1000
184 144 187 25 25 1000
178 146 182 21 21 1000
177 149 178 31 31 1000
174 140 175 23 23 1000
177 142 182 32 32 1000
174 127 177 17 17 1000
170 134 171 16 16 1000
188 163 193 31 31 1000
173 138 176 25 25 1000
155 125 158 26 27 1000
171 136 175 27 27 1000
167 129 172 20 20 1000
183 146 187 21 21 1000
153 127 156 23 23 1000
167 133 170 24 24 1000
165 127 168 26 26 1000
168 137 171 17 17 1000
194 159 196 27 27 1000
169 140 176 30 30 1000
175 135 179 27 27 1000
182 150 190 29 29 1000
168 130 169 21 21 1000
205 168 209 28 28 1000
175 150 178 29 29 1000
177 151 184 22 22 1000
182 147 183 23 23 1000
172 150 175 22 22 1000
161 133 166 25 25 1000
184 155 188 22 22 1000
193 147 196 30 30 1000
189 157 190 34 34 1000
174 137 178 23 23 1000
158 132 164 16 16 1000
157 123 164 20 20 1000
180 147 189 39 39 1000
175 141 180 29 29 1000
162 141 166 31 31 1000
160 134 165 25 25 1000
197 164 204 25 25 1000
178 138 187 22 22 1000
196 153 202 19 19 1000
172 147 177 25 25 1000
183 149 187 24 24 1000
174 142 178 29 29 1000
189 160 194 26 27 1000
174 137 175 25 25 1000
177 137 182 19 19 1000
189 142 192 27 27 1000
162 138 167 26 26 1000
174 148 178 26 26 1000
186 153 192 27 27 1000
174 139 176 30 30 1000
216 181 221 29 29 1000
176 138 186 25 25 1000
167 139 170 25 25 1000
177 149 181 24 24 1000
161 131 164 25 25 1000
161 123 164 23 23 1000
180 156 189 34 34 1000
172 140 180 16 16 1000
187 146 192 25 25 1000
181 142 189 25 25 1000
172 148 174 27 27 1000
194 157 195 27 27 1000
173 137 174 22 22 1000
179 148 181 19 19 1000
180 139 185 28 28 1000
181 153 188 26 26 1000
168 139 173 24 24 1000
180 149 190 21 21 1000
178 149 181 27 27 1000
193 157 194 29 29 1000
167 137 168 20 20 1000
173 140 178 26 27 1000
186 153 190 26 26 1000
163 135 167 22 22 1000
164 136 166 21 21 1000
165 132 169 18 18 1000
196 148 199 29 29 1000
168 129 170 16 16 1000
180 141 184 17 18 1000
180 146 182 30 30 1000
184 143 187 25 25 1000
181 135 184 20 20 1000
181 130 186 20 20 1000
180 132 183 27 27 1000
158 138 165 21 21 1000
182 150 185 24 24 1000
207 179 214 28 28 1000
178 138 181 19 19 1000
179 143 182 17 17 1000
171 145 176 26 26 1000
157 134 162 24 24 1000
162 127 163 23 23 1000
190 151 193 27 27 1000
161 127 163 18 18 1000
173 138 179 28 28 1000
179 147 182 31 31 1000
165 135 168 20 20 1000
158 128 161 23 23 1000
162 135 164 31 31 1000
195 156 203 22 22 1000
195 158 196 27 27 1000
188 148 191 23 23 1000
192 145 199 26 26 1000
162 132 171 25 25 1000
194 157 197 24 24 1000
186 145 193 20 20 1000
177 139 182 21 21 1000
165 121 168 20 20 1000
160 123 166 22 22 1000
167 140 172 32 32 1000
187 153 191 31 31 1000
183 136 189 19 19 1000
177 138 180 28 28 1000
177 141 179 26 26 1000
177 142 183 26 26 1000
178 133 182 18 18 1000
181 151 183 25 26 1000
176 142 180 14 14 1000
174 126 178 22 22 1000
171 135 176 20 20 1000
189 159 194 22 22 1000
165 139 167 21 21 1000
190 157 191 33 33 1000
182 143 184 26 26 1000
187 154 193 25 25 1000
188 144 190 25 25 1000
168 144 173 25 25 1000
183 157 186 24 24 1000
194 157 196 25 25 1000
182 142 184 18 18 1000
188 156 191 24 24 1000
164 139 168 24 24 1000
181 151 185 28 28 1000
165 136 167 25 25 1000
178 143 181 20 20 1000
157 121 161 16 16 1000
165 131 171 20 20 1000
167 131 169 21 21 1000
184 142 187 21 21 1000
162 128 164 25 25 1000
180 136 184 15 15 1000
182 148 184 27 27 1000
202 164 206 31 31 1000
187 145 190 25 25 1000
184 145 190 20 20 1000
189 131 191 32 32 1000
175 147 183 29 29 1000
187 153 189 24 24 1000
184 149 186 30 30 1000
161 138 167 13 13 1000
175 149 179 29 29 1000
186 151 189 25 25 1000
157 121 162 26 26 1000
190 153 196 21 21 1000
157 128 164 29 29 1000
180 150 181 32 32 1000
175 139 180 23 23 1000
166 134 166 27 27 1000
203 164 205 32 32 1000
167 129 172 20 20 1000
195 161 199 27 27 1000
191 157 195 20 20 1000
160 130 161 20 20 1000
187 158 191 26 26 1000
182 139 185 24 24 1000
158 129 160 23 23 1000
183 151 186 29 29 1000
175 131 179 24 24 1000
171 141 181 21 21 1000
177 154 179 30 30 1000
194 154 200 27 27 1000
169 136 173 23 23 1000
171 140 175 20 20 1000
169 143 175 27 27 1000
175 135 182 25 25 1000
176 143 179 20 20 1000
172 144 174 30 30 1000
176 142 176 20 20 1000
182 147 187 32 32 1000
172 142 176 24 24 1000
180 142 183 29 29 1000
171 139 173 19 19 1000
152 128 154 15 15 1000
176 151 180 23 23 1000
175 140 179 23 24 1000
167 131 168 24 24 1000
178 144 180 21 21 1000
160 126 168 23 23 1000
158 128 162 22 22 1000
179 146 184 31 31 1000
188 160 191 30 30 1000
165 132 168 22 22 1000
165 139 168 26 26 1000
170 145 177 28 28 1000
186 158 192 29 29 1000
175 145 182 27 27 1000
193 153 200 26 26 1000
171 139 171 31 31 1000
179 146 185 35 35 1000
170 142 173 20 20 1000
199 171 203 34 34 1000
153 122 159 21 21 1000
183 149 191 25 25 1000
181 151 185 26 26 1000
176 144 179 30 30 1000
169 138 174 21 21 1000
189 141 192 25 25 1000
170 138 176 20 20 1000
169 129 170 21 21 1000
175 150 185 32 33 1000
182 146 185 22 22 1000
203 166 206 29 29 1000
165 130 167 31 31 1000
180 144 180 30 30 1000
149 116 152 18 18 1000
181 148 186 25 26 1000
168 139 171 23 23 1000
180 140 182 23 23 1000
184 140 190 28 28 1000
165 135 169 18 18 1000
180 143 185 30 30 1000
179 147 181 25 25 1000
171 144 172 30 30 1000
180 137 185 25 25 1000
191 150 191 30 30 1000
179 146 183 30 30 1000
174 151 179 21 21 1000
187 144 192 24 24 1000
162 135 166 30 30 1000
183 154 185 36 37 1000
169 139 176 17 17 1000
192 140 197 22 22 1000
177 135 182 28 28 1000
169 130 171 26 26 1000
175 142 176 28 28 1000
198 158 202 25 25 1000
167 146 169 25 25 1000
171 150 172 29 29 1000
177 134 179 17 17 1000
175 136 178 22 22 1000
191 154 195 22 22 1000
173 148 181 21 21 1000
171 133 175 23 23 1000
163 135 166 28 28 1000
169 143 170 24 24 1000
184 146 185 28 28 1000
164 129 166 28 28 1000
156 127 159 19 19 1000
185 152 190 26 27 1000
175 144 179 21 21 1000
168 150 172 29 29 1000
155 123 157 19 19 1000
179 141 182 22 22 1000
163 147 168 21 21 1000
182 136 186 26 26 1000
166 143 168 22 22 1000
182 155 185 27 27 1000
169 124 174 19 19 1000
160 135 165 29 29 1000
152 128 155 25 25 1000
168 143 175 24 24 1000
176 134 179 20 20 1000
196 153 201 29 29 1000
180 140 182 19 19 1000
182 139 185 23 23 1000
164 140 171 16 16 1000
174 143 175 29 29 1000
192 151 194 18 18 1000
160 126 165 23 23 1000
179 150 184 32 32 1000
161 131 165 23 23 1000
168 128 170 25 25 1000
150 121 152 26 26 1000
178 142 179 25 25 1000
156 113 157 23 23 1000
156 122 157 19 19 1000
172 152 181 28 28 1000
157 118 159 16 16 1000
168 133 173 23 23 1000
181 152 191 26 26 1000
160 132 164 18 18 1000
190 158 192 26 26 1000
178 141 185 32 32 1000
183 151 186 27 27 1000
189 147 193 32 32 1000
169 128 172 28 28 1000
177 139 184 31 31 1000
193 155 202 21 21 1000
176 142 178 17 17 1000
180 143 184 33 33 1000
166 135 170 18 18 1000
171 143 176 30 30 1000
192 159 194 29 29 1000
168 135 170 19 19 1000
156 116 160 20 20 1000
162 129 169 20 20 1000
183 154 186 26 26 1000
159 130 163 20 20 1000
185 150 191 25 25 1000
175 143 176 33 33 1000
159 137 162 27 27 1000
176 139 183 18 18 1000
167 137 170 22 22 1000
175 148 179 28 28 1000
180 143 185 21 21 1000
176 137 179 17 17 1000
167 133 170 25 25 1000
182 153 188 30 30 1000
191 156 198 27 27 1000
166 140 168 29 29 1000
160 137 167 26 26 1000
162 140 169 22 22 1000
184 149 188 30 30 1000
177 151 181 29 29 1000
154 128 156 23 23 1000
182 152 185 22 22 1000
173 134 175 25 25 1000
168 140 174 19 19 1000
159 139 165 26 26 1000
168 144 172 31 31 1000
164 137 166 23 23 1000
180 141 185 20 20 1000
164 129 165 20 20 1000
187 151 191 26 26 1000
170 135 174 28 28 1000
160 128 164 21 21 1000
179 143 181 14 14 1000
175 139 178 15 15 1000
178 151 180 26 26 1000
188 157 193 31 31 1000
176 137 177 33 33 1000
179 152 183 27 27 1000
190 160 196 24 24 1000
181 143 184 27 27 1000
175 133 178 29 29 1000
188 159 192 30 30 1000
185 152 190 20 20 1000
191 153 193 27 27 1000
146 120 151 20 20 1000
182 147 185 27 27 1000
181 144 184 22 22 1000
174 140 176 27 27 1000
169 124 173 18 18 1000
178 155 179 39 39 1000
168 144 173 18 18 1000
171 142 174 24 24 1000
169 137 172 23 23 1000
181 146 184 31 31 1000
149 122 151 23 23 1000
178 140 182 29 29 1000
184 143 188 37 37 1000
171 127 175 22 22 1000
181 154 184 25 25 1000
194 160 197 26 26 1000
154 128 159 19 19 1000
184 158 188 43 43 1000
168 127 170 20 20 1000
190 149 195 29 29 1000
190 156 193 22 22 1000
183 151 186 29 29 1000
173 138 173 23 23 1000
180 142 183 19 19 1000
193 151 197 21 21 1000
186 150 188 26 26 1000
173 146 177 30 30 1000
180 144 183 25 25 1000
164 134 165 20 20 1000
181 154 186 36 36 1000
189 154 193 25 25 1000
177 148 185 22 22 1000
156 127 162 26 26 1000
149 121 154 20 21 1000
166 140 169 21 21 1000
165 134 166 20 20 1000
172 147 178 23 23 1000
165 135 172 27 28 1000
190 159 191 27 27 1000
158 132 161 25 25 1000
168 126 171 30 30 1000
188 154 194 32 32 1000
159 120 161 22 22 1000
193 160 196 26 26 1000
182 152 187 25 25 1000
175 138 181 29 29 1000
182 143 182 26 26 1000
160 124 161 28 28 1000
167 125 169 26 26 1000
175 146 175 20 20 1000
174 140 177 26 26 1000
168 130 171 20 20 1000
179 145 185 32 32 1000
181 148 184 24 25 1000
161 125 167 23 23 1000
175 133 181 27 27 1000
171 130 176 25 25 1000
175 134 177 28 28 1000
157 137 162 21 21 1000
184 148 190 31 31 1000
177 126 180 17 17 1000
175 141 177 26 26 1000
168 138 177 24 24 1000
179 144 181 22 22 1000
170 137 174 24 24 1000
175 139 177 26 26 1000
175 140 181 29 29 1000
173 141 176 27 27 1000
187 145 191 27 27 1000
176 136 179 24 24 1000
161 122 166 26 26 1000
197 161 199 30 30 1000
186 150 189 27 27 1000
177 134 180 19 20 1000
182 144 191 26 26 1000
167 143 171 20 20 1000
170 139 175 25 25 1000
161 136 162 21 21 1000
183 146 193 26 26 1000
178 142 182 19 19 1000
197 171 200 27 27 1000
171 139 173 24 24 1000
188 151 191 23 23 1000
179 145 183 25 25 1000
181 151 185 31 31 1000
178 142 181 19 19 1000
179 145 181 19 19 1000
179 142 184 23 23 1000
174 145 180 23 23 1000
171 130 173 24 24 1000
179 148 184 29 29 1000
153 118 158 17 17 1000
162 126 167 28 28 1000
180 141 183 21 21 1000
170 135 175 25 25 1000
195 150 197 39 39 1000
168 135 172 28 28 1000
175 146 179 20 20 1000
169 139 172 21 21 1000
159 131 166 32 32 1000
168 142 171 20 20 1000
170 149 175 33 33 1000
170 140 172 18 18 1000
176 147 183 25 25 1000
204 163 210 27 27 1000
143 118 151 21 21 1000
185 141 189 38 38 1000
169 132 173 23 23 1000
174 136 179 24 24 1000
174 147 181 36 36 1000
171 145 174 31 31 1000
180 148 184 35 35 1000
195 158 197 25 25 1000
152 119 152 18 18 1000
184 146 187 30 30 1000
181 152 183 24 24 1000
173 131 176 14 14 1000
173 142 177 28 28 1000
169 126 170 22 22 1000
184 138 190 18 19 1000
171 136 174 25 25 1000
194 153 199 33 33 1000
175 137 178 34 34 1000
170 138 173 25 25 1000
179 136 184 25 25 1000
191 155 194 25 25 1000
171 146 173 29 29 1000
157 127 162 18 18 1000
165 127 169 22 22 1000
182 150 187 22 22 1000
184 153 187 26 26 1000
164 137 168 22 22 1000
180 140 185 29 29 1000
181 150 184 23 23 1000
174 149 177 23 23 1000
195 154 195 25 25 1000
168 132 171 24 24 1000
182 141 187 27 27 1000
185 149 186 25 25 1000
171 137 176 23 23 1000
163 128 165 23 23 1000
161 122 166 23 23 1000
181 153 185 28 28 1000
189 155 190 24 24 1000
183 144 186 25 25 1000
183 142 186 24 24 1000
178 150 182 31 31 1000
165 137 169 19 19 1000
193 156 198 24 24 1000
167 134 171 20 20 1000
179 147 182 23 23 1000
178 144 181 34 34 1000
199 159 203 28 28 1000
151 114 155 20 20 1000
180 155 182 29 29 1000
174 140 178 29 29 1000
171 141 172 32 32 1000
172 143 175 23 23 1000
187 148 194 27 27 1000
166 135 170 20 20 1000
185 162 193 31 31 1000
171 135 175 23 23 1000
169 130 173 13 13 1000
184 146 186 31 31 1000
165 135 167 21 21 1000
179 145 184 23 23 1000
170 139 173 23 23 1000
169 147 172 26 26 1000
191 153 193 31 31 1000
170 128 176 28 28 1000
185 137 187 21 21 1000
164 134 168 28 28 1000
175 142 183 23 23 1000
175 148 178 26 26 1000
168 134 170 18 18 1000
157 132 163 31 31 1000
195 159 199 19 19 1000
191 152 193 29 29 1000
163 135 166 23 23 1000
154 129 157 32 32 1000
161 135 164 20 20 1000
172 146 173 23 23 1000
183 145 189 37 37 1000
170 136 172 24 24 1000
174 146 179 25 25 1000
154 127 154 23 23 1000
174 142 178 28 28 1000
194 157 197 33 33 1000
189 147 191 23 23 1000
188 171 198 27 27 1000
167 130 168 29 29 1000
158 115 160 16 16 1000
171 147 176 34 34 1000
172 134 177 27 27 1000
171 146 174 31 31 1000
166 138 168 22 22 1000
166 138 167 25 25 1000
184 150 186 32 32 1000
174 148 176 23 23 1000
196 154 201 30 30 1000
183 150 188 27 27 1000
174 145 180 27 27 1000
165 142 170 27 27 1000
175 146 179 25 25 1000
165 134 170 20 21 1000
185 148 188 33 33 1000
185 153 189 23 23 1000
176 143 179 34 34 1000
166 136 168 25 25 1000
182 147 184 34 34 1000
166 139 170 19 19 1000
181 147 185 25 25 1000
178 139 180 21 21 1000
190 158 195 37 38 1000
169 121 170 26 26 1000
161 129 162 28 29 1000
202 165 204 37 37 1000
192 151 195 30 30 1000
171 136 174 22 22 1000
174 137 175 17 17 1000
163 126 163 20 20 1000
158 132 162 18 18 1000
168 140 172 28 28 1000
154 121 161 22 22 1000
194 159 194 22 22 1000
167 151 171 24 24 1000
189 149 192 27 27 1000
180 145 184 25 25 1000
180 146 181 26 26 1000
168 138 175 26 26 1000
182 161 186 28 28 1000
182 141 182 30 30 1000
176 156 182 37 37 1000
174 139 176 27 27 1000
184 145 190 32 32 1000
189 157 192 25 25 1000
184 156 192 24 24 1000
211 162 214 27 27 1000
177 136 180 28 28 1000
186 154 189 24 24 1000
199 154 201 26 26 1000
156 121 159 30 30 1000
179 139 184 21 22 1000
185 148 187 23 23 1000
173 143 177 27 27 1000
165 137 173 24 24 1000
162 132 167 28 29 1000
192 137 195 29 29 1000
181 138 185 19 19 1000
190 163 193 22 22 1000
182 139 186 29 29 1000
176 154 179 19 19 1000
177 139 179 21 21 1000
178 148 181 29 29 1000
185 149 189 33 34 1000
179 146 182 23 23 1000
169 128 172 25 25 1000
172 137 178 17 17 1000
183 146 190 24 24 1000
181 146 183 35 35 1000
163 128 166 27 27 1000
174 152 179 22 22 1000
171 141 174 29 29 1000
196 156 202 34 34 1000
182 148 185 30 30 1000
157 121 160 21 21 1000
145 120 153 16 16 1000
164 129 168 19 19 1000
164 122 167 18 18 1000
190 157 195 23 23 1000
185 155 188 24 24 1000
186 145 189 25 25 1000
187 149 188 26 26 1000
167 141 171 24 24 1000
170 138 175 17 17 1000
180 150 183 21 21 1000
184 156 190 31 31 1000
202 167 204 32 32 1000
171 147 173 22 22 1000
152 121 157 21 21 1000
183 139 185 18 18 1000
182 147 184 18 18 1000
173 141 176 17 17 1000
182 151 185 26 26 1000
185 155 192 35 36 1000
162 135 168 15 15 1000
175 141 182 28 28 1000
181 146 185 18 18 1000
161 131 165 27 27 1000
169 143 171 25 25 1000
180 145 183 25 25 1000
170 132 173 26 26 1000
182 146 189 30 30 1000
165 125 168 21 21 1000
185 138 189 30 30 1000
164 137 168 27 27 1000
192 156 201 20 20 1000
179 148 185 28 28 1000
172 140 177 24 24 1000
173 140 177 24 24 1000
179 138 183 25 25 1000
177 149 179 31 31 1000
198 167 200 36 36 1000
179 148 184 25 25 1000
179 141 183 21 21 1000
163 130 170 25 25 1000
160 127 165 23 23 1000
205 169 209 33 33 1000
183 145 187 19 19 1000
186 145 190 22 22 1000
144 126 147 27 27 1000
141 115 146 15 15 1000
183 159 188 29 29 1000
160 134 165 27 27 1000
209 165 214 31 31 1000
180 142 182 26 26 1000
175 135 178 30 30 1000
165 142 168 24 24 1000
178 141 182 24 24 1000
166 132 169 22 22 1000
183 152 186 35 35 1000
175 134 178 22 22 1000
167 136 172 23 23 1000
183 152 185 30 30 1000
213 183 215 36 36 1000

