108 82 110 197 146 198
148 100 152 240 188 245
135 100 137 218 177 222
141 111 145 220 186 225
135 105 136 213 166 217
136 108 140 240 193 242
150 121 150 225 184 225
156 122 156 238 205 240
153 115 158 235 196 239
160 121 162 256 214 263
152 115 153 225 181 230
127 96 129 220 171 224
128 95 129 211 174 216
152 123 155 226 186 234
129 106 134 209 183 217
140 108 142 229 186 234
117 91 122 204 169 210
141 111 143 227 188 231
134 108 137 223 182 226
131 95 132 208 172 212
150 109 151 233 184 236
114 85 118 188 144 192
140 115 141 216 187 220
135 107 139 212 178 220
108 88 115 177 141 188
135 109 138 214 176 219
129 108 134 216 183 219
130 95 134 201 166 207
131 109 136 224 178 230
141 108 143 232 195 237
139 108 145 214 181 225
148 122 153 239 198 246
133 108 133 216 179 220
136 111 138 213 176 220
140 118 145 227 187 227
121 101 122 201 168 207
133 104 136 215 174 216
140 109 142 227 185 229
142 110 146 222 185 228
139 105 140 239 189 244
145 112 147 223 189 229
128 99 131 226 178 228
131 104 134 201 165 205
149 120 154 235 193 238
138 104 139 229 188 233
124 97 126 205 162 208
114 85 117 206 149 210
152 129 155 234 197 243
144 110 149 226 176 230
131 106 135 211 178 215
142 114 146 214 181 216
130 108 133 214 183 219
139 111 144 228 185 236
124 95 127 209 172 212
151 100 152 228 188 231
155 115 157 224 182 230
131 108 137 213 177 218
140 111 141 232 200 238
152 121 154 234 188 236
140 115 145 226 197 234
118 91 121 226 178 229
140 115 144 211 177 214
144 113 148 227 192 229
137 98 137 233 184 236
132 113 133 228 193 232
129 91 130 232 190 236
147 110 152 230 188 236
131 111 137 208 173 212
123 91 126 226 181 230
120 95 122 210 169 215
132 99 135 214 172 218
147 111 152 235 188 236
126 98 130 213 179 219
143 114 147 207 172 212
141 103 144 241 192 248
121 105 124 220 175 226
157 126 161 239 193 241
151 123 152 243 208 247
120 97 124 196 160 201
145 116 150 220 187 224
152 118 155 242 196 249
138 103 141 219 182 220
128 102 131 207 168 211
137 115 139 214 181 218
137 101 139 218 178 223
151 109 158 261 213 268
132 89 133 225 178 227
136 112 139 206 171 210
147 101 153 230 183 234
145 117 146 220 187 225
158 121 165 241 198 250
134 102 137 230 182 235
150 119 154 227 192 233
125 105 126 199 170 201
145 107 146 234 187 235
135 108 135 228 189 232
140 115 143 216 182 217
137 115 140 224 181 227
138 113 142 226 188 230
131 107 132 216 181 218
138 106 143 225 188 234
126 91 128 214 164 220
140 111 141 234 181 237
124 94 124 215 166 218
144 121 152 212 188 219
144 122 149 222 189 232
142 108 148 226 172 235
139 106 142 233 185 236
149 117 151 234 187 236
142 106 147 221 177 229
131 97 135 212 163 217
128 102 130 232 183 236
132 113 135 228 196 233
125 96 128 217 174 224
124 97 127 208 180 213
124 108 127 195 169 198
139 110 142 222 187 225
132 115 135 209 180 212
124 98 126 211 175 213
139 118 148 222 189 233
118 103 123 195 175 206
145 118 149 235 198 241
132 97 135 208 172 210
148 110 149 228 185 234
157 115 162 237 201 245
143 102 144 233 192 238
135 113 140 213 178 217
134 108 138 212 179 215
134 107 137 216 174 218
138 108 140 215 178 220
143 117 147 221 179 225
132 99 134 235 191 239
147 116 151 215 174 221
154 116 156 231 195 232
127 105 129 210 170 211
139 110 141 228 183 232
143 102 146 217 172 223
131 111 133 210 179 213
115 94 122 222 176 231
147 115 149 238 198 240
145 118 148 230 188 236
147 123 150 236 189 239
152 124 159 231 206 240
157 123 159 226 194 230
130 95 133 238 183 242
151 119 155 244 194 247
144 119 148 233 190 236
119 91 124 226 186 232
124 94 127 207 164 212
136 108 142 226 180 232
151 123 155 242 204 245
142 112 146 214 177 222
137 108 140 203 167 209
118 86 122 191 154 199
144 110 147 231 188 235
130 104 133 215 173 221
148 116 154 226 186 232
128 97 130 212 183 215
128 106 133 210 159 216
121 98 124 211 172 218
134 102 138 208 173 213
146 118 148 238 201 242
141 109 143 215 186 218
145 107 148 222 187 226
160 122 164 234 198 240
135 117 138 221 192 227
141 109 147 222 187 227
122 100 125 206 165 210
131 100 135 226 170 229
142 115 144 225 192 228
145 125 149 215 191 219
127 108 131 214 188 220
141 112 144 213 192 220
151 123 154 250 212 252
132 106 133 223 183 226
140 98 143 237 188 243
128 101 130 207 177 216
141 115 146 224 183 229
158 122 162 241 195 250
144 116 146 229 199 233
129 109 134 219 185 225
144 111 147 229 199 234
125 102 129 202 172 208
133 103 135 232 190 236
147 114 149 223 171 230
134 99 140 226 188 232
140 102 143 227 186 229
158 110 161 227 180 229
149 119 154 223 187 232
134 101 138 219 179 225
137 115 141 229 193 231
151 115 158 233 191 238
121 88 125 212 165 216
129 101 132 236 178 243
138 114 139 215 179 220
141 106 142 229 176 235
148 113 149 212 164 215
140 102 143 217 180 227
137 105 139 208 177 215
145 104 150 232 182 235
120 99 124 202 175 209
146 112 149 227 188 232
131 99 133 232 190 237
123 105 127 211 179 218
139 105 142 221 171 224
153 120 155 226 187 230
150 99 152 232 180 235
153 120 159 240 198 247
140 99 143 222 163 228
131 106 137 221 181 225
153 124 155 224 184 228
140 112 141 225 183 226
134 107 136 228 179 233
119 98 124 206 172 211
148 110 151 242 180 250
144 110 145 213 179 217
123 99 125 207 163 211
139 113 139 217 178 220
153 119 154 236 196 239
159 123 162 257 223 260
123 99 125 210 179 215
129 106 136 206 169 215
159 125 159 243 199 244
137 105 140 213 174 219
148 125 153 219 187 224
134 96 135 224 179 225
139 101 141 215 155 216
146 110 148 236 191 240
141 110 145 226 193 232
129 100 132 214 182 219
134 103 136 229 178 230
146 121 146 242 197 245
133 99 138 218 170 221
134 102 138 219 183 226
124 98 126 201 167 204
159 116 164 220 186 227
141 115 145 213 175 216
139 110 140 226 179 227
135 102 140 211 177 216
132 95 137 210 174 217
136 105 140 222 181 226
128 105 129 199 172 204
140 108 143 228 184 233
141 112 145 228 192 233
139 111 141 235 192 240
143 112 146 227 194 228
137 100 143 219 166 222
132 99 134 207 173 217
140 101 141 237 188 243
138 99 141 217 182 222
150 113 153 224 176 229
150 119 155 232 198 241
151 113 154 226 186 227
127 98 130 213 173 217
129 94 132 211 172 214
161 132 167 230 198 239
150 119 152 226 177 228
136 105 138 216 190 222
131 103 132 214 172 216
129 101 131 214 169 220
131 108 131 230 196 232
134 100 137 213 180 215
138 115 138 243 192 246
126 94 128 195 160 200
143 110 148 222 179 230
132 111 137 199 175 207
125 106 126 205 170 206
153 122 156 234 201 240
131 100 136 208 165 214
151 122 153 236 203 240
145 123 148 235 200 238
133 102 135 212 176 219
147 111 151 228 196 234
144 116 146 228 193 231
129 105 130 206 167 209
136 112 141 220 184 224
148 122 148 228 195 230
140 116 146 212 179 217
140 110 144 244 198 248
151 111 153 217 178 219
123 94 127 222 174 223
151 118 156 224 188 227
109 90 114 192 162 197
153 108 153 242 183 243
152 121 155 233 190 242
129 106 131 215 165 218
139 117 140 226 187 231
134 108 134 217 180 218
130 101 130 219 173 223
139 106 143 227 182 234
133 103 136 216 185 222
127 98 132 210 168 218
139 106 142 223 184 229
139 107 141 209 179 215
127 102 128 191 155 194
157 118 164 245 196 253
150 113 153 221 186 226
123 100 128 209 174 212
133 103 134 225 191 228
139 109 141 224 191 230
139 115 147 225 176 230
120 93 123 227 186 231
144 109 146 226 176 229
135 105 140 216 180 222
135 110 138 204 175 214
142 108 143 225 179 229
134 96 137 220 181 226
120 94 122 209 176 213
147 111 148 228 187 235
139 109 141 222 189 223
139 117 143 225 190 235
141 101 144 219 188 223
147 118 147 208 175 210
145 121 147 241 197 244
140 103 141 217 175 218
132 102 136 210 175 215
142 115 145 218 180 224
125 92 129 217 171 221
149 119 154 237 190 239
132 109 136 219 177 223
144 114 147 227 183 229
134 106 137 209 177 216
136 111 138 224 179 226
139 112 140 220 176 224
150 117 154 237 195 244
135 109 137 214 180 218
129 108 132 225 191 231
132 103 134 225 183 230
126 101 128 217 169 219
119 93 123 209 172 210
128 101 130 222 180 226
155 121 157 222 182 226
104 89 107 188 153 195
141 110 145 213 175 218
140 109 143 216 173 218
144 123 146 209 183 213
155 131 160 236 199 238
134 103 140 222 178 229
160 136 164 227 195 233
145 117 146 224 182 230
137 115 137 226 181 227
126 94 127 226 180 231
154 122 157 238 193 247
129 98 131 220 174 224
135 109 137 201 168 203
149 120 151 225 199 230
147 122 149 224 190 226
137 94 139 215 177 222
120 97 123 215 176 216
136 107 140 214 169 219
143 102 148 234 180 237
129 96 134 230 181 236
129 107 130 211 173 216
122 89 127 205 161 208
121 92 125 200 171 208
136 104 141 228 183 236
135 110 136 223 185 227
146 117 152 227 188 233
143 112 145 227 181 229
138 112 139 243 208 247
153 121 156 240 213 245
141 116 145 220 183 223
147 118 151 230 186 236
120 100 123 188 154 192
144 122 147 240 202 244
128 105 131 201 162 204
122 99 123 203 173 203
122 97 123 210 161 213
133 107 137 214 183 218
138 103 138 209 165 209
140 107 147 227 182 233
129 111 130 220 180 226
132 100 134 217 170 218
144 121 145 242 205 243
148 115 150 239 198 244
121 100 122 185 160 187
141 112 143 220 183 227
143 109 147 231 194 240
139 110 139 231 191 235
158 130 160 239 208 240
124 95 128 206 159 208
139 117 144 216 181 221
143 125 147 228 203 231
151 123 152 228 200 233
133 109 139 212 179 219
127 99 128 208 176 212
137 114 141 221 185 225
137 100 138 222 165 225
135 108 138 216 179 220
134 93 135 198 163 199
131 98 136 214 169 217
144 113 147 224 182 231
141 106 142 223 186 227
142 117 145 236 201 241
141 104 142 231 188 233
129 100 131 199 159 204
151 127 152 231 194 232
135 112 138 222 180 229
127 90 128 204 154 205
117 88 118 225 189 228
133 99 135 217 179 220
130 105 133 231 181 232
136 109 139 226 187 230
131 109 132 220 182 222
125 112 129 195 171 201
140 98 143 217 171 220
141 108 143 204 182 205
146 107 147 229 185 232
132 99 135 229 180 234
122 102 124 206 168 211
118 98 120 201 170 204
139 109 142 231 189 235
144 108 149 241 192 246
154 122 158 229 195 232
157 124 159 229 201 235
128 106 132 216 183 223
134 116 137 223 179 226
125 90 128 214 161 221
148 117 150 236 197 241
137 102 140 214 175 220
146 116 147 226 185 228
146 111 150 233 187 237
142 100 144 217 183 220
154 112 155 232 181 234
120 92 123 198 165 203
128 100 134 222 184 230
130 99 132 227 188 231
144 120 147 234 195 237
149 117 151 231 196 234
142 111 145 233 190 239
143 109 145 211 172 215
130 101 131 220 182 222
137 101 142 209 168 214
133 103 134 213 172 217
157 122 161 227 198 237
151 121 154 221 188 224
138 112 142 214 174 221
145 122 146 217 185 220
134 105 136 224 185 227
143 113 144 225 196 228
138 111 142 216 172 220
144 118 147 235 202 240
121 101 125 208 168 212
148 116 150 231 185 237
129 96 135 217 176 221
121 101 123 207 179 209
139 111 139 233 186 237
121 91 124 208 166 211
130 98 133 220 177 222
143 116 144 236 195 242
145 104 146 239 190 240
138 109 138 216 179 221
131 101 132 206 164 209
124 100 124 211 165 211
138 103 141 222 179 225
128 108 130 204 171 209
132 100 136 212 182 218
149 113 153 233 198 236
132 104 134 212 166 216
135 107 139 223 181 227
135 115 140 207 179 212
139 115 144 215 168 219
117 80 120 211 170 218
126 87 128 220 178 227
144 119 148 212 182 219
147 113 152 221 177 228
132 110 134 208 169 213
132 105 133 220 186 225
116 91 118 201 156 207
142 107 145 214 179 219
126 100 127 207 169 209
138 108 138 223 186 225
119 83 122 194 156 195
145 115 149 218 179 222
159 124 160 237 205 241
145 116 147 224 188 232
131 96 131 213 171 217
145 114 148 226 181 230
130 110 131 235 192 237
144 112 151 223 175 227
139 106 141 213 179 221
153 111 158 224 188 227
148 111 150 221 178 226
118 94 120 209 171 214
159 117 161 235 189 237
140 112 142 231 184 232
135 107 138 212 170 219
162 124 164 259 214 261
132 102 136 224 189 229
130 98 132 223 181 225
121 91 125 214 181 217
133 107 136 217 182 222
134 113 137 222 176 227
146 111 151 219 176 221
137 112 140 219 177 223
138 117 140 222 183 224
139 114 142 220 174 227
120 84 124 203 161 207
139 100 140 226 180 228
160 131 164 240 201 245
138 107 138 217 176 218
156 123 158 231 197 236
135 102 138 215 175 219
141 110 144 219 178 219
143 118 146 230 184 235
116 87 118 207 170 209
140 116 143 222 181 227
127 101 129 216 178 217
131 101 136 215 170 219
139 104 140 217 177 223
140 111 145 225 183 234
136 101 142 228 178 233
129 99 135 228 190 231
141 112 143 227 186 230
139 105 144 229 186 234
129 94 131 200 164 205
156 125 160 234 198 237
126 90 128 230 181 232
141 108 144 223 180 225
140 105 147 220 183 225
145 111 148 236 194 240
117 88 117 209 170 210
144 116 145 223 182 225
142 106 145 216 189 223
144 106 145 232 188 239
127 95 132 217 175 224
140 112 140 208 172 212
142 112 146 211 176 214
131 100 134 231 188 237
136 92 138 218 170 223
140 110 141 224 180 227
138 116 142 234 196 243
153 126 156 243 211 245
124 97 127 214 164 217
140 114 144 214 175 216
135 108 137 226 190 230
126 105 130 206 175 207
152 121 155 244 199 252
152 117 156 242 201 244
118 99 121 208 177 214
129 109 131 194 162 198
137 105 140 216 177 222
138 108 140 213 180 216
144 126 150 230 188 239
139 112 142 218 174 223
131 113 134 219 172 226
129 104 137 208 175 218
129 104 132 204 170 208
126 95 129 211 174 215
130 111 132 205 172 210
129 102 133 220 180 226
136 103 136 233 192 235
131 104 135 221 189 233
112 93 116 200 164 209
115 95 120 189 159 194
141 120 144 225 188 231
115 95 119 213 176 222
130 103 130 206 175 210
123 98 125 202 163 204
146 123 152 232 191 235
148 116 149 220 183 224
152 121 157 256 206 264
159 125 162 241 203 243
150 120 155 242 198 248
136 121 140 217 191 222
131 103 133 227 177 231
125 99 128 210 170 213
117 86 121 217 175 225
138 103 139 210 171 217
135 109 138 230 197 235
150 119 152 223 183 226
134 99 138 226 172 230
143 120 152 229 198 239
150 118 158 233 193 241
147 113 153 231 193 238
138 106 142 231 188 238
148 105 149 243 188 246
127 99 129 221 175 224
143 104 146 223 181 227
130 109 134 211 179 213
138 102 142 227 190 236
135 100 138 212 175 215
126 105 129 229 194 233
131 101 133 219 172 224
118 93 118 205 157 207
126 97 127 209 171 213
152 116 156 231 195 237
140 111 143 223 185 224
148 117 152 229 190 233
101 85 105 187 157 190
133 103 138 242 189 248
140 106 143 238 177 244
142 113 144 226 182 228
145 120 147 238 194 241
132 104 137 225 184 230
126 94 126 232 181 236
139 111 140 233 191 236
145 110 151 231 185 234
123 105 127 208 185 211
142 113 146 226 178 231
131 105 132 210 184 213
115 86 116 199 163 202
106 77 107 180 136 182
142 107 143 221 178 225
127 99 130 218 176 223
143 117 145 221 186 223
125 96 127 210 176 216
129 100 130 223 177 224
127 98 131 234 179 239
141 109 142 228 193 231
139 106 141 218 179 221
138 116 141 212 172 216
136 109 141 220 185 225
128 110 132 224 191 226
133 104 133 231 187 233
111 89 113 198 164 201
124 111 125 208 170 212
152 120 154 228 193 231
144 123 147 211 184 215
129 105 131 213 180 214
138 110 140 226 186 229
139 117 144 230 198 236
147 120 150 229 190 231
150 119 152 234 196 238
136 102 138 218 165 222
144 113 146 220 186 223
125 101 126 215 163 222
131 110 137 210 180 215
136 105 138 226 185 227
137 104 140 218 180 224
142 104 145 215 177 220
130 109 132 223 176 228
148 124 151 229 194 232
127 96 129 205 156 207
146 116 146 221 187 226
132 113 135 215 177 220
148 123 152 232 188 237
137 113 142 212 181 216
140 112 143 212 172 217
118 97 122 204 172 207
127 100 130 215 171 221
134 111 139 222 187 226
136 109 138 223 178 227
140 121 142 219 186 226
123 106 131 206 182 213
133 114 136 218 186 220
126 101 129 213 174 220
144 117 147 210 175 215
154 122 157 234 197 238
127 104 129 206 167 208
146 122 148 222 186 225
131 108 136 220 185 223
135 114 141 225 196 232
154 111 160 237 196 245
136 112 138 223 190 224
137 106 140 224 177 229
129 110 134 198 167 207
133 87 136 222 164 223
149 127 151 223 187 229
126 105 130 220 175 228
131 107 133 209 180 213
148 120 153 228 190 233
118 105 122 192 164 196
134 102 136 208 166 209
147 119 150 225 192 229
140 120 147 246 196 256
158 130 159 242 203 246
136 108 140 221 182 228
126 100 126 211 170 211
125 95 129 216 173 220
134 109 141 213 179 219
132 103 135 227 186 232
141 109 143 218 184 220
159 126 160 238 192 241
132 101 135 206 162 213
127 101 129 219 184 224
144 108 147 230 183 236
162 124 166 251 215 261
134 104 137 209 173 211
146 109 148 246 202 251
137 108 138 211 177 216
151 116 154 227 192 232
136 98 137 214 162 216
152 116 157 227 197 237
162 126 165 244 199 250
141 116 141 228 182 230
144 113 147 245 200 248
119 98 121 198 156 199
136 102 140 210 180 216
130 109 135 222 175 226
139 104 142 208 174 213
135 105 136 233 200 238
138 106 142 217 184 223
144 115 144 224 189 224
136 102 137 238 187 243
149 106 154 244 205 248
148 113 148 220 169 220
121 96 128 208 174 214
132 95 137 226 174 230
133 108 135 221 176 227
147 110 149 230 185 231
120 93 120 211 167 216
135 107 139 239 187 242
122 99 124 208 172 213
141 111 144 222 179 229
134 111 139 215 174 224
139 111 142 234 185 239
119 89 119 202 161 204
138 110 141 220 188 225
136 107 140 216 175 226
150 122 154 238 202 241
123 104 127 216 181 221
139 116 141 213 187 219
132 108 134 217 181 224
123 89 124 195 155 196
133 95 134 212 173 214
130 91 132 216 180 221
134 103 136 208 166 210
123 100 125 213 174 219
135 113 140 236 192 241
155 118 158 248 190 251
120 89 124 206 157 210
141 108 145 222 175 227
130 113 133 226 186 231
131 90 133 218 173 219
132 107 137 216 178 222
141 125 144 219 189 224
141 116 143 223 188 225
150 113 154 235 185 239
135 103 136 205 169 209
136 110 141 216 174 222
142 112 146 230 194 234
131 105 136 211 169 215
145 118 148 235 199 241
136 104 141 217 172 223
131 107 136 222 180 224
143 119 148 222 187 231
135 100 138 220 173 226
146 122 150 232 190 239
121 85 123 211 173 215
135 103 139 231 188 232
129 108 135 211 182 218
126 95 130 206 162 214
136 103 141 213 179 218
142 109 143 219 184 225
144 106 145 239 193 241
138 100 139 205 161 207
135 101 142 241 192 247
134 115 139 208 187 214
142 107 150 223 182 233
141 108 144 213 169 215
130 99 134 229 183 233
133 95 137 208 173 213
137 107 140 217 173 222
131 107 134 215 177 219
137 100 139 216 180 218
130 101 137 218 173 224
112 91 115 205 159 208
138 113 140 221 168 224
151 120 155 221 183 226
138 113 140 228 186 231
128 103 130 209 170 210
125 101 133 205 168 211
159 130 162 241 198 247
122 99 124 217 177 220
135 99 138 219 178 223
159 126 164 244 203 249
159 129 163 250 198 252
136 112 137 210 180 215
137 105 139 231 191 235
153 127 154 219 179 220
134 109 138 211 182 217
118 98 121 197 167 204
132 109 137 232 191 240
127 95 130 216 171 218
139 114 142 239 204 241
139 104 140 221 179 227
162 133 164 252 218 255
148 118 151 247 191 253
138 101 142 232 179 234
132 105 135 234 184 237
128 100 130 217 184 221
135 109 141 204 174 212
149 117 151 224 190 230
140 110 143 233 188 237
132 114 139 213 179 217
147 119 150 217 187 221
135 103 138 213 172 219
125 106 132 218 171 226
149 117 153 222 184 229
141 112 144 220 181 224
142 116 146 229 180 234
139 104 141 228 183 232
135 108 136 223 187 227
125 78 129 203 159 208
133 104 134 211 175 212
149 118 151 233 195 236
107 84 109 197 156 199
140 113 141 220 173 220
150 109 154 234 194 238
138 110 141 227 189 232
140 109 143 223 184 226
125 94 130 225 177 227
142 103 143 215 183 219
143 108 145 226 189 231
157 119 161 238 199 243
154 116 155 233 195 237
146 125 146 223 189 226
160 122 167 247 203 256
120 98 123 218 175 225
152 125 156 241 211 243
139 104 144 230 186 234
133 99 136 220 180 226
123 105 126 211 172 213
164 128 165 249 215 255
140 112 143 229 183 232
137 104 142 223 184 230
152 118 152 234 196 234
146 126 150 236 192 238
143 114 145 224 192 228
163 133 164 263 215 266
149 114 151 230 188 235
153 117 156 233 191 234
123 93 125 199 153 202
132 104 135 221 183 227
121 95 126 209 173 219
139 106 141 235 184 238
131 105 133 218 169 220
134 107 136 221 175 226
153 112 154 234 187 236
124 99 129 206 170 212
131 97 137 210 175 217
145 117 147 240 203 246
116 96 117 200 165 204
156 118 162 243 203 247
144 112 145 219 180 221
123 94 123 220 168 221
103 85 107 196 159 200
135 107 139 222 188 227
137 108 140 213 181 218
150 111 152 225 183 229
137 103 138 219 175 221
136 103 136 228 180 231
150 124 154 235 197 242
132 103 135 224 183 227
136 103 141 215 179 219
111 92 112 179 143 182
146 109 150 229 191 236
151 116 154 235 188 239
134 100 138 205 166 208
143 108 147 234 196 239
129 97 135 221 167 226
143 106 145 221 179 228
140 105 142 238 200 242
160 121 163 252 206 256
146 114 149 244 199 248
131 101 135 214 179 218
126 91 127 203 158 206
145 112 147 245 196 247
147 113 148 237 194 239
146 115 149 222 189 225
135 107 138 201 167 205
128 102 133 202 164 210
130 111 134 213 173 218
140 112 143 220 181 228
150 123 154 219 190 226
128 107 133 218 190 226
111 80 115 198 161 202
148 120 151 215 188 220
140 102 146 235 193 238
134 99 135 204 172 209
150 108 154 229 195 236
161 122 166 246 203 250
130 111 132 208 175 213
147 123 152 213 185 218
141 100 143 231 188 234
146 106 149 241 200 242
127 100 130 194 163 195
159 128 165 248 212 253
128 98 132 224 172 228
128 104 132 218 169 223
138 114 140 224 177 229
132 109 136 201 173 207
135 102 139 208 169 211
155 123 155 226 183 231
153 115 155 238 194 242
135 98 138 209 167 217
126 104 131 213 176 220
143 104 144 236 189 242
133 105 138 223 180 224
127 103 131 211 168 218
148 117 151 231 192 234
148 115 152 238 203 245
108 89 109 198 150 200
131 104 134 219 179 221
138 111 142 222 169 226
134 96 136 219 182 226
128 95 129 215 174 220
145 115 146 230 189 235
126 99 128 212 173 217
129 99 130 216 184 219
138 100 139 223 181 228
134 107 136 217 172 220
132 108 133 207 166 211
139 107 143 210 169 215
143 116 146 222 185 228
138 107 139 240 189 246
150 119 150 214 181 216
150 125 152 221 187 226
126 95 129 211 156 215
117 99 118 197 165 202
146 113 151 231 189 238
127 96 127 212 167 212
138 112 138 226 183 231
119 98 122 218 175 224
140 108 145 225 179 233
154 117 156 241 197 250
148 106 148 232 180 234
147 122 150 213 190 218
133 100 134 218 174 220
153 115 154 230 185 232
151 109 152 238 189 238
122 97 127 220 183 229
135 111 140 239 195 241
141 117 148 227 182 233
136 115 139 220 186 223
142 104 143 223 190 228
133 111 137 225 178 230
137 111 140 231 186 237
143 111 148 231 196 236
128 101 132 218 178 221
148 112 154 216 177 221
118 90 122 193 151 196
128 116 131 200 173 203
147 124 151 244 192 246
124 97 129 208 171 212
137 111 140 204 173 208
142 114 144 234 195 237
129 103 133 200 166 204
138 108 139 234 195 237
134 114 137 230 184 233
126 97 128 206 165 212
133 101 135 226 177 229
132 109 133 214 182 219
155 114 155 229 189 232
161 133 162 238 211 242
140 115 143 205 165 208
154 117 155 219 186 223
125 90 127 216 173 221
142 115 145 222 198 228
135 106 138 213 172 219
147 104 150 226 182 230
119 95 123 202 158 206
137 106 141 227 178 232
146 114 149 237 198 239
131 110 132 218 176 223
144 112 144 237 183 243
125 95 130 211 164 216
147 111 151 223 182 228
134 96 135 230 181 234
148 118 150 235 194 240
129 96 129 219 179 220
139 111 142 228 186 233
142 108 145 219 180 223
140 97 142 214 175 217
138 102 141 209 175 213
128 101 131 226 179 228
139 113 143 224 186 231
138 114 140 211 172 216
144 104 145 233 188 233
128 94 131 222 180 225
138 109 140 211 171 216
161 133 162 257 206 258
114 88 117 200 160 203
142 106 145 213 180 214
149 122 152 234 193 241
137 106 140 216 172 221
133 107 136 211 174 216
128 99 131 189 160 197
126 96 127 210 164 214
144 111 146 215 183 218
128 105 132 214 180 220
155 130 158 245 204 251
137 112 139 219 181 224
138 106 140 230 180 232
130 102 133 233 191 237
125 94 129 198 166 204
161 131 163 246 199 251
124 93 125 210 159 211
138 120 138 217 181 217
136 111 137 219 189 222
142 114 142 228 193 230
140 119 144 226 181 229
142 117 148 222 186 227
136 102 137 224 182 227
132 109 136 217 171 219
129 103 132 212 175 219
129 104 130 221 184 226
138 109 140 220 191 224
134 111 138 224 188 228

