302 271 312 390 352 402
328 286 332 398 361 405
302 268 308 390 351 400
317 275 325 405 359 413
316 264 322 394 351 409
305 262 314 384 345 396
291 274 304 380 349 396
292 261 298 377 335 387
297 269 305 376 341 388
320 279 325 387 341 396
296 268 306 385 351 396
319 284 326 394 362 400
309 276 322 400 358 413
327 265 334 412 370 420
298 260 305 370 334 375
311 272 317 401 351 412
335 284 339 424 374 432
305 261 314 388 342 396
313 282 321 403 369 416
301 275 309 392 351 401
308 280 321 403 356 418
308 254 316 382 342 392
320 287 328 408 368 418
317 276 326 407 354 421
325 292 335 403 357 412
313 271 320 390 359 396
326 287 338 405 367 420
314 289 321 402 371 412
308 259 311 396 355 402
298 257 305 380 337 392
311 283 322 403 364 419
307 263 315 400 368 410
278 245 287 350 307 360
306 262 310 380 341 386
311 266 321 387 346 400
324 287 329 402 362 406
317 274 324 401 362 412
306 280 321 382 352 403
291 265 301 372 339 383
308 270 314 397 353 406
312 269 318 390 350 397
325 285 334 406 366 415
312 271 318 397 357 402
287 240 291 376 327 382
322 293 326 410 368 413
322 290 329 405 365 418
312 269 318 388 349 395
301 267 310 378 336 390
310 272 321 391 350 404
294 258 301 364 325 373
317 277 325 390 360 404
317 275 325 391 349 399
306 271 314 392 359 401
310 275 318 396 363 406
307 272 315 392 349 401
317 279 326 412 366 421
323 282 325 410 374 417
311 277 314 386 350 389
317 280 324 403 368 413
324 286 337 407 365 418
303 277 312 391 356 400
320 296 325 409 366 419
290 257 301 380 339 393
305 261 310 383 331 392
311 265 319 405 346 411
283 250 298 390 351 401
332 297 341 403 375 413
324 290 332 420 381 430
313 271 320 395 354 407
326 284 332 406 363 417
296 250 298 392 333 394
332 286 337 419 378 424
311 278 315 393 359 397
312 274 320 381 344 387
310 278 317 387 358 400
283 257 289 388 342 397
320 279 327 392 354 403
264 229 270 368 317 376
323 276 327 409 362 415
295 262 301 366 332 374
309 263 312 395 356 401
315 278 320 418 377 423
307 271 310 379 342 384
325 292 331 397 362 404
302 263 310 384 339 394
313 282 321 403 367 412
281 245 288 349 316 359
314 273 323 379 348 394
299 257 304 390 350 394
331 305 339 419 385 431
316 273 326 399 356 412
301 264 306 392 345 397
318 288 325 415 375 421
313 273 319 390 358 397
312 282 319 395 351 403
297 267 307 391 356 402
320 288 325 408 377 415
319 277 329 414 362 422
323 278 332 409 364 418
316 283 323 405 357 411
295 250 300 374 332 381
301 263 311 393 337 403
288 244 292 381 334 388
295 263 301 388 348 399
320 271 328 409 363 420
306 265 309 401 348 402
286 262 294 374 348 385
315 277 323 392 363 403
311 275 318 392 348 400
289 262 302 374 334 387
327 299 334 405 366 415
319 269 326 399 361 410
290 257 301 388 338 398
282 244 287 352 331 358
316 268 324 411 355 421
292 257 297 381 345 389
317 266 326 411 368 415
322 284 332 405 376 422
312 279 318 376 346 388
328 273 334 406 358 415
301 261 308 395 359 406
310 273 319 404 361 412
309 262 314 395 344 398
299 266 311 384 351 395
314 276 325 400 364 414
288 255 292 379 335 385
298 261 308 376 335 383
317 277 328 388 347 402
299 256 303 384 330 391
299 265 309 378 344 390
326 286 336 404 364 418
298 270 308 381 344 389
317 279 327 402 360 410
300 259 310 381 353 393
332 288 339 403 358 411
342 312 346 428 387 434
286 257 294 371 337 380
306 266 311 383 353 392
306 264 310 390 347 398
303 261 310 386 333 393
303 271 309 397 358 406
317 282 322 398 354 412
294 262 302 383 341 391
287 252 298 383 341 396
297 267 306 377 344 386
330 290 335 415 377 425
313 267 319 397 361 405
342 302 345 435 397 440
315 280 319 411 364 418
314 267 324 391 349 405
311 266 319 385 350 395
310 269 316 397 360 405
323 271 330 429 374 438
336 278 347 427 372 437
333 298 338 396 361 406
301 263 309 382 346 387
302 264 309 407 357 413
315 275 323 393 351 400
321 275 324 386 349 395
317 269 325 398 360 408
293 260 297 365 330 371
311 274 319 404 352 411
322 285 333 410 374 423
272 242 281 363 323 374
317 279 324 396 361 406
310 272 321 391 354 400
310 271 313 394 349 403
326 282 330 391 359 398
317 279 323 393 359 402
319 285 331 394 362 408
305 274 313 380 344 395
315 268 323 396 352 409
329 298 337 400 373 410
303 262 311 372 335 380
318 274 326 393 349 403
301 250 307 379 332 387
307 270 314 384 344 398
329 290 335 410 372 419
311 270 318 392 351 403
303 264 313 393 361 406
314 270 318 400 347 407
323 291 328 406 380 412
300 264 307 372 333 384
289 250 293 376 331 380
307 270 316 382 344 394
320 285 332 400 364 413
295 270 307 391 353 399
295 258 302 380 341 388
307 260 314 376 329 383
301 270 310 390 347 397
319 283 328 404 370 416
296 267 305 380 340 387
331 293 337 432 373 435
298 263 308 368 333 378
285 252 295 381 336 392
303 279 312 381 359 389
300 274 306 377 348 385
279 256 288 374 337 384
294 260 309 373 340 384
293 258 298 367 325 376
313 270 323 392 340 398
316 279 325 398 359 405
285 259 292 370 336 377
296 260 304 380 338 391
293 263 301 386 337 392
308 268 315 396 358 406
307 258 316 387 338 400
300 266 309 391 352 401
320 280 333 408 367 414
314 294 322 402 377 413
307 255 309 378 324 382
298 261 310 383 345 395
332 284 343 417 366 426
314 277 323 382 346 392
341 304 353 429 391 440
293 250 296 382 336 388
318 284 328 387 350 396
310 274 318 400 358 408
315 278 323 403 357 415
302 265 308 387 344 397
310 279 318 407 364 412
328 288 338 388 358 400
320 277 331 395 357 407
311 265 313 387 348 389
320 274 324 407 365 414
319 295 328 392 371 400
300 268 311 381 337 391
310 275 317 394 356 403
319 280 327 402 360 408
316 280 322 392 351 397
315 280 326 396 359 408
324 293 329 397 368 403
300 265 303 381 339 387
306 274 318 386 360 397
297 261 301 392 346 402
283 246 293 375 332 383
309 264 317 384 339 392
305 272 308 377 360 382
306 270 314 378 344 387
300 264 309 389 343 403
325 289 330 417 368 427
324 282 329 403 366 408
321 274 329 407 359 413
304 262 312 373 337 383
314 266 322 398 349 407
315 281 322 403 367 410
318 279 323 402 377 406
310 282 324 404 373 417
302 270 311 375 339 386
307 266 310 382 361 389
310 285 324 414 380 429
295 255 302 370 345 378
322 279 334 405 355 416
299 262 304 374 339 380
303 266 308 383 339 394
283 241 292 369 326 377
278 240 287 379 333 385
290 253 294 374 332 380
316 279 327 391 358 405
332 291 341 407 365 418
294 259 303 376 343 385
323 285 329 405 357 411
315 278 322 394 357 402
295 265 297 370 330 375
323 276 333 391 353 400
333 300 341 416 383 428
304 255 310 387 339 396
302 280 312 392 358 402
295 252 303 370 327 380
303 276 310 376 350 385
292 258 299 370 331 378
321 287 326 400 367 410
289 252 294 363 328 368
288 257 297 376 340 383
305 277 315 400 354 408
321 275 329 399 363 410
312 271 317 388 336 395
304 265 313 377 339 389
302 262 311 381 343 395
306 276 312 398 355 404
311 274 322 386 345 396
313 281 319 407 368 413
318 280 328 404 365 412
303 266 313 404 365 411
311 273 320 397 350 414
308 272 320 401 351 413
324 280 332 414 353 422
320 273 325 409 358 414
320 282 326 407 370 416
306 279 313 388 351 396
306 283 315 386 357 394
332 296 341 423 375 433
298 255 302 394 340 399
340 298 352 411 374 425
317 279 329 394 361 402
297 262 301 374 340 385
285 256 293 365 325 380
290 251 301 367 334 378
322 289 335 401 357 414
318 279 325 408 359 419
296 256 303 380 330 389
288 253 294 363 334 371
296 255 302 393 353 404
310 280 320 403 363 417
295 259 303 380 342 392
309 270 319 410 365 422
297 274 307 367 333 381
294 255 303 369 327 383
317 282 326 389 347 399
300 266 309 379 336 388
322 278 329 393 351 407
320 268 327 403 354 409
311 279 319 407 370 418
298 259 306 371 338 381
305 265 309 385 343 393
283 253 289 367 332 376
318 277 326 402 362 413
336 283 343 420 374 428
299 268 308 383 348 391
325 285 330 410 365 419
325 293 330 420 382 425
326 282 339 398 355 410
308 268 312 399 356 404
307 277 315 392 348 397
298 265 307 377 335 389
316 276 324 391 351 400
304 267 309 383 345 389
297 264 305 391 339 398
355 314 366 456 409 463
294 264 303 382 344 395
349 295 352 420 362 424
296 250 306 389 342 396
311 273 316 394 357 402
293 267 303 389 347 399
331 291 337 410 364 420
298 267 309 374 334 387
314 270 321 412 365 420
290 261 302 382 339 396
316 279 329 391 360 398
333 294 340 405 357 417
279 245 290 370 343 385
300 275 305 381 357 387
326 283 333 418 372 424
295 265 300 371 333 383
304 265 310 386 344 393
311 268 320 385 335 396
290 259 299 359 323 371
306 269 310 407 354 413
303 263 308 396 349 407
292 260 301 393 353 402
305 271 316 381 350 393
303 265 311 382 354 392
318 278 325 401 361 408
342 299 350 434 392 442
317 278 325 399 358 409
292 268 299 393 353 404
295 265 307 379 342 391
318 282 321 402 353 406
292 244 302 370 330 384
290 263 295 365 330 373
322 281 332 405 360 417
294 260 301 357 323 366
324 288 335 419 383 432
305 271 313 400 363 409
315 284 322 411 372 417
311 271 321 389 351 402
309 275 320 388 351 400
328 287 336 404 370 416
289 256 298 389 342 399
319 284 328 396 356 404
313 279 322 392 346 403
300 267 309 376 338 384
282 241 295 374 342 386
308 271 312 381 339 388
339 293 346 421 381 431
307 276 318 388 350 402
309 271 321 379 352 391
297 264 307 379 331 388
290 250 298 386 346 396
331 293 339 414 373 424
335 292 342 421 374 427
302 274 308 378 341 388
293 257 302 378 333 390
314 284 320 390 366 397
297 263 303 382 330 389
292 252 298 380 344 393
285 258 292 371 327 378
292 260 295 380 348 387
281 251 286 377 346 383
280 253 286 366 335 375
314 277 320 382 344 390
304 267 310 418 367 424
302 259 308 397 353 407
302 263 305 388 337 392
333 291 341 421 368 430
331 288 340 409 373 418
339 295 346 418 376 430
321 278 327 397 355 406
303 265 309 402 362 407
340 300 349 411 372 421
313 276 326 400 354 415
316 276 331 412 368 425
303 256 311 378 333 390
321 275 328 394 360 400
299 257 306 381 342 390
291 249 303 376 338 388
307 281 313 375 345 383
300 266 314 378 337 389
310 275 313 399 359 408
340 308 346 419 375 427
311 278 319 391 358 399
328 295 340 417 385 431
288 243 302 375 319 385
316 277 320 426 363 432
312 278 316 384 361 393
291 255 293 380 341 386
295 265 302 372 340 379
315 280 321 382 344 389
302 256 314 377 336 388
288 250 297 380 346 390
294 257 303 384 343 393
316 279 322 399 361 410
291 263 299 385 334 397
335 291 345 423 376 434
305 277 313 402 374 412
302 264 312 382 351 397
307 273 314 398 360 408
319 280 325 404 363 412
302 260 311 381 338 393
309 275 320 388 346 398
307 260 316 397 346 404
301 264 308 395 365 407
294 249 303 378 337 393
305 273 311 381 347 388
301 275 307 396 352 399
293 262 303 387 353 397
345 306 355 427 389 438
315 276 321 399 337 406
315 276 322 403 374 412
315 280 323 406 361 416
295 256 302 377 337 384
322 272 330 406 358 418
286 259 296 378 336 391
299 265 305 390 351 399
291 251 297 374 323 379
298 264 307 375 344 384
316 286 324 396 362 404
291 258 302 403 363 413
286 256 300 377 341 396
305 280 313 392 370 399
284 245 292 371 318 383
331 289 339 422 372 433
294 249 301 382 338 388
301 262 309 384 333 392
312 266 325 393 350 408
301 262 307 393 353 400
306 269 311 398 351 401
341 294 345 423 381 431
321 285 327 403 359 408
334 293 343 413 366 425
340 309 351 415 373 426
320 289 328 393 352 398
314 272 319 396 349 402
301 283 312 387 361 396
323 290 332 407 374 413
312 259 321 402 348 409
328 286 333 412 372 420
340 297 347 429 382 441
285 258 291 357 335 366
310 268 319 395 359 407
307 262 313 381 338 386
345 298 350 432 395 437
314 274 323 390 347 400
341 302 352 424 388 437
324 274 331 399 361 408
284 244 294 370 328 378
300 260 306 378 336 386
334 292 341 423 389 431
305 273 314 399 343 403
316 278 323 393 362 403
294 265 302 374 344 386
310 264 322 380 345 394
306 276 311 400 354 411
318 279 327 398 364 406
300 270 311 377 348 385
295 260 302 385 351 394
294 257 300 377 330 384
285 257 291 367 327 373
297 261 304 400 355 411
303 269 307 403 366 409
318 277 322 403 349 411
285 248 289 380 332 384
287 234 294 373 324 383
315 277 320 399 351 408
269 248 278 358 330 367
316 266 329 402 365 421
311 270 314 393 354 399
318 279 325 398 370 410
323 284 336 403 361 418
308 265 317 394 355 406
303 259 315 393 346 407
307 270 312 388 342 395
318 282 326 394 366 406
312 272 319 398 361 410
327 288 337 409 367 417
303 263 310 386 345 393
298 263 310 388 341 401
315 290 321 384 351 397
314 285 323 385 351 393
307 267 315 385 346 393
319 275 326 408 352 418
324 295 330 398 377 409
282 244 285 391 347 395
317 283 326 394 374 405
343 311 349 419 385 425
319 282 322 399 349 403
306 257 316 388 349 398
289 257 294 392 333 398
320 272 327 400 348 409
320 281 323 415 370 421
297 260 302 384 343 391
266 232 274 360 310 369
290 251 300 365 329 375
310 267 324 393 360 411
279 248 285 368 327 373
301 268 306 404 354 411
305 275 315 392 347 404
306 269 317 382 341 394
312 268 317 396 341 403
303 264 309 379 337 385
300 258 304 390 343 398
322 298 328 397 369 408
268 253 280 352 322 363
308 275 312 379 345 387
314 265 321 394 346 403
320 283 332 405 374 417
300 268 305 383 342 386
322 281 332 407 373 416
283 258 292 358 336 368
307 274 315 411 369 420
321 278 325 400 369 408
323 278 334 413 362 428
277 239 282 361 325 373
321 296 331 408 375 418
317 268 326 419 360 426
310 285 318 394 365 404
318 285 324 403 357 413
287 256 296 386 336 394
323 291 332 406 371 417
291 258 303 374 340 393
307 255 312 386 333 392
298 275 309 379 348 397
324 279 336 403 358 414
293 246 298 373 328 381
317 276 334 405 378 422
299 257 309 387 336 396
327 280 331 396 359 405
318 272 324 400 363 409
301 263 309 391 356 400
290 257 300 369 330 377
309 258 318 385 337 396
315 277 323 407 370 416
289 247 299 379 331 394
305 279 312 384 358 399
322 289 333 412 370 421
327 286 336 408 366 423
314 285 322 410 370 419
310 282 313 408 377 417
313 277 319 422 374 428
307 274 317 394 359 403
326 283 335 397 368 408
298 258 303 379 341 387
290 252 298 377 336 387
313 265 315 372 338 377
305 271 312 381 340 387
314 276 321 398 354 405
293 252 305 369 336 382
301 259 308 380 343 387
307 277 314 379 339 385
307 270 315 380 351 388
327 283 335 408 351 416
319 268 324 420 356 427
318 276 325 402 369 417
325 286 331 404 362 414
317 282 331 394 366 402
336 293 339 422 378 428
307 272 322 385 355 400
310 286 317 398 356 405
317 281 328 384 354 395
287 264 292 374 338 378
324 286 330 403 366 415
300 271 309 386 356 400
312 270 320 393 356 401
333 288 343 416 372 421
310 275 319 398 354 405
303 276 309 388 350 395
288 244 299 382 340 392
325 285 336 402 371 415
300 273 306 387 352 394
352 296 358 439 384 446
336 300 343 409 372 415
296 258 304 388 341 397
326 282 332 408 369 414
306 271 316 383 348 394
297 269 304 387 350 392
311 271 318 400 361 412
315 281 323 397 352 407
291 256 299 376 335 385
291 266 299 384 344 390
277 256 290 361 324 372
305 266 311 393 345 402
312 274 317 403 363 412
319 278 324 400 367 409
305 267 314 380 330 389
315 269 322 419 369 430
331 291 341 415 370 427
304 263 314 379 346 391
312 282 321 388 354 399
318 283 325 398 363 405
332 295 340 418 372 427
311 279 322 401 366 412
313 279 320 401 354 416
278 252 293 370 331 389
310 272 319 408 366 420
318 275 329 411 369 419
327 300 334 400 365 408
309 265 315 393 358 401
290 257 300 364 326 374
310 274 314 388 352 395
310 259 313 379 326 385
304 272 319 373 344 387
272 233 280 345 302 354
347 303 356 435 395 448
324 289 338 413 368 422
288 268 296 385 349 394
336 303 344 414 376 423
321 269 331 399 352 412
285 262 295 370 343 383
299 263 308 384 344 392
298 268 308 397 359 407
312 283 321 391 349 402
327 289 338 411 377 420
303 270 309 383 348 391
309 276 318 392 355 402
317 284 323 394 360 402
327 300 333 393 375 402
299 273 306 386 342 393
325 281 332 420 363 430
304 262 310 378 336 384
303 261 313 380 350 390
324 279 333 399 359 408
315 266 327 408 353 415
325 286 328 402 368 407
326 276 332 415 372 423
298 273 304 385 342 391
310 266 316 396 354 403
292 266 300 379 348 389
330 283 336 412 365 417
327 302 336 424 379 434
322 274 327 389 351 399
307 278 320 380 338 391
309 264 318 389 349 402
326 286 336 401 350 414
317 277 326 389 354 397
305 252 310 396 347 401
330 300 336 409 380 415
320 271 330 419 371 431
319 282 328 412 362 419
331 291 340 411 373 421
302 256 308 382 328 389
313 269 317 399 348 406
295 266 301 388 350 392
325 282 328 411 371 418
323 275 329 402 360 406
300 262 312 389 342 399
293 254 294 387 335 389
327 292 332 399 357 406
293 243 298 384 330 391
325 293 332 408 375 418
316 266 327 405 354 414
303 263 311 386 340 397
293 269 303 377 345 388
306 273 312 389 346 395
299 255 309 390 341 401
323 284 335 402 367 410
324 295 329 402 358 407
341 301 350 421 381 434
342 304 345 399 371 407
284 258 290 357 330 366
331 294 341 409 372 418
308 273 310 398 349 403
292 259 299 378 344 388
327 287 330 396 358 402
285 252 296 381 335 392
304 265 314 384 353 401
316 280 324 399 361 411
303 272 309 385 346 390
323 279 327 399 350 405
316 279 323 409 369 418
328 286 335 418 362 429
320 275 332 405 349 417
316 274 324 397 347 405
322 273 326 406 363 412
297 275 307 385 343 395
305 261 312 394 352 400
293 270 299 405 365 411
314 263 318 388 338 394
321 284 332 401 370 411
289 253 295 367 323 374
299 264 306 384 339 391
330 289 335 415 364 421
299 257 307 384 338 393
324 275 331 398 352 406
321 290 331 406 368 413
302 270 309 392 344 395
303 261 311 394 353 405
319 278 329 383 349 393
296 263 301 373 345 381
303 263 316 388 352 400
319 287 327 402 369 411
311 257 317 379 338 384
315 276 323 398 355 405
304 269 310 395 342 404
323 293 332 392 344 405
320 280 326 406 372 415
293 262 300 390 342 395
303 259 309 393 351 402
309 261 313 395 341 404
337 290 345 414 365 423
340 294 347 411 380 419
307 286 320 381 354 395
293 260 302 393 337 402
322 279 326 394 340 402
310 266 317 388 352 395
296 263 305 374 335 384
288 256 298 381 340 392
309 274 318 388 344 399
319 280 328 406 368 413
329 290 335 400 359 410
298 266 306 381 336 388
317 277 327 398 362 409
314 280 322 393 352 404
331 294 341 410 357 419
325 286 332 404 360 409
340 289 346 416 378 424
315 264 318 391 344 395
287 254 293 364 325 371
320 278 328 400 360 403
317 279 326 398 351 405
318 292 330 403 366 414
323 284 330 398 369 408
298 266 305 362 329 369
282 260 288 368 336 378
300 260 302 384 345 388
291 253 297 377 337 383
282 239 289 366 335 378
330 290 340 416 379 423
326 288 334 402 362 412
319 284 328 398 359 408
304 277 317 388 351 400
293 253 302 376 340 389
294 259 305 381 335 395
301 264 310 387 353 397
305 279 315 387 359 398
321 290 330 399 367 408
331 290 339 418 368 427
306 258 311 389 347 399
317 290 323 395 361 405
317 282 326 409 370 418
318 266 326 401 366 411
309 266 314 401 348 408
310 271 315 404 357 409
325 282 335 413 378 425
302 261 312 394 349 404
270 241 277 344 317 354
316 263 322 409 353 418
296 254 303 386 335 393
316 278 320 395 362 402
330 291 338 425 376 433
305 268 314 392 354 405
331 284 341 425 376 435
332 295 338 428 376 430
310 274 316 383 336 393
314 281 319 391 359 400
306 277 316 394 352 406
290 262 295 386 340 389
304 262 306 380 332 384
302 269 309 395 364 405
284 256 290 354 318 361
329 299 338 404 375 417
317 278 327 404 354 413
313 270 322 392 358 401
301 276 310 390 357 399
312 278 324 408 378 419
302 266 306 390 345 397
295 250 300 378 335 384
303 272 310 395 360 407
314 284 332 399 370 414
303 260 309 383 338 391
290 267 296 380 348 387
317 278 319 413 354 417
283 248 286 360 331 368
335 286 343 431 388 440
335 289 343 412 378 419
314 265 318 392 342 398
314 277 322 397 358 405
312 266 317 410 371 416
318 283 325 421 382 429
329 285 339 413 383 428
300 271 310 393 353 401
313 268 321 399 354 412
317 283 323 386 357 393
311 272 313 393 348 396
319 278 330 386 355 396
318 275 324 404 350 409
332 289 338 418 367 427
307 269 314 400 366 407
295 247 302 385 331 391
313 271 317 397 347 407
290 254 296 364 325 376
334 295 342 432 377 441
314 285 323 406 365 419
301 272 311 375 343 385
317 283 327 401 363 410
297 253 302 379 340 384
326 287 335 397 361 408
314 282 322 399 355 406
327 283 330 402 357 410
304 265 310 391 352 399
298 270 309 386 360 399
321 281 328 386 351 397
327 288 333 414 362 423
303 274 313 383 347 393
317 289 321 398 360 404
323 279 325 405 370 408
312 268 324 400 346 410
310 272 323 380 350 392
321 285 330 410 373 421
317 280 326 397 358 409
319 294 329 410 385 421
307 263 317 401 374 412
293 263 302 391 354 399
298 262 304 373 331 377
314 281 319 396 354 404
292 249 299 384 338 392
329 282 335 407 374 416
294 258 298 379 337 382
328 289 334 401 369 412
333 296 341 425 375 435
299 262 307 389 345 402
305 270 316 386 349 397
307 275 318 380 354 393
336 289 348 419 378 425
314 273 321 412 359 417
334 291 340 424 369 428
316 278 323 390 360 396
293 252 298 386 345 392
308 283 313 388 352 397
292 252 304 382 349 396
319 285 326 387 360 399
317 281 322 393 360 404
296 268 303 380 354 388
320 292 332 392 362 404
302 269 309 390 341 397
304 257 310 389 343 396
321 277 325 401 347 408
289 257 300 371 329 385
302 267 311 398 355 412
308 271 320 405 359 418
294 256 302 379 332 385
296 271 306 383 353 396
303 260 309 392 352 398
323 276 333 405 352 412
300 268 307 394 354 401
310 270 316 400 359 407
329 297 339 415 386 423
286 263 293 356 327 367
317 272 323 400 354 409
295 262 306 384 345 394
293 261 304 396 346 407
314 276 326 406 369 416
301 273 312 378 330 388
295 261 303 370 331 380
292 242 293 369 320 373
333 283 342 402 352 412
298 253 308 375 343 384
299 268 307 382 343 392
305 267 313 386 343 399
283 242 287 362 331 374
309 273 318 406 359 414
296 269 307 367 334 380
305 273 312 382 348 388
341 292 350 426 383 434
267 244 274 359 325 370
308 267 316 397 364 406
325 295 330 418 383 427
314 280 321 408 356 417
301 261 312 379 352 393
318 273 326 413 366 423
295 252 301 387 340 392
311 272 315 406 365 416
314 270 322 400 366 407
314 270 319 381 343 390
300 265 306 392 352 397
309 271 312 390 338 393
320 277 330 411 367 419
324 289 330 405 370 412
309 269 319 391 355 403
321 269 324 402 355 408
304 268 309 385 348 394
319 274 325 406 363 410
319 280 324 408 360 411
302 260 313 398 346 410
313 279 322 396 354 402
323 285 337 410 370 419
302 260 306 397 358 407
304 271 309 380 349 389
315 282 323 387 365 397
326 276 335 401 360 412
323 279 337 416 360 426
310 275 317 398 347 404
316 285 324 399 359 406
310 272 316 384 359 392
302 250 307 385 334 392
323 273 333 397 349 406
308 269 321 391 351 405
315 277 321 401 358 408
313 270 317 377 334 384
298 265 311 379 346 388
325 280 334 406 370 417
314 277 322 393 358 403
342 292 347 430 375 434
296 257 304 379 342 393
303 261 307 380 338 389
338 290 347 422 366 431
312 268 321 388 345 403
277 236 279 370 324 376
338 296 346 417 377 427
306 273 313 400 367 409
329 301 336 415 383 419
315 287 327 403 371 416
302 274 312 388 348 398
277 244 283 377 320 382
304 260 308 396 340 402
309 274 318 397 363 410
319 265 326 408 357 415
313 279 327 400 359 411
310 271 318 387 340 394
312 268 317 389 345 393
321 288 327 406 371 416
287 254 300 382 339 388
316 276 321 392 358 400
302 265 309 385 341 394
304 279 307 387 341 392
293 263 303 388 354 402
319 276 327 393 345 403
307 283 319 397 359 409
342 310 352 426 390 438
299 258 304 399 353 410
315 277 323 380 348 386
314 276 322 383 354 394
296 265 307 387 356 400
302 273 307 384 344 392
299 263 307 379 346 389
291 259 298 377 333 383
314 275 325 411 367 419
317 288 324 394 354 410
308 270 316 403 363 418
296 266 308 367 339 382
327 269 335 415 358 423
306 268 314 387 356 396
298 268 310 382 340 395
293 260 301 378 332 387
305 273 315 385 351 396
319 284 323 407 358 413
298 270 303 377 348 391
296 267 303 399 352 407
322 286 328 401 355 406
336 299 342 419 389 427
328 276 331 411 372 416
315 273 329 405 372 422
290 246 297 383 332 388
296 264 304 379 349 388
306 273 316 385 348 397
306 269 318 392 351 406
306 285 317 392 371 405
303 252 306 370 329 377
317 275 325 410 367 421
321 280 329 404 357 412
294 261 301 386 344 395
311 275 319 393 362 407
307 269 315 378 347 387
340 295 349 421 379 432
311 274 319 376 336 387
309 269 314 383 352 389
305 271 313 388 355 400
303 260 311 368 332 379
299 260 307 405 359 415
297 256 308 387 346 392
297 264 305 388 354 396

