36 37 37 39 214 266 240 238
33 29 30 35 192 258 241 226
30 40 41 43 197 245 253 217
32 34 34 36 168 222 220 204
41 33 35 34 175 244 237 208
35 41 42 40 183 229 238 217
32 33 32 32 179 228 225 186
25 29 29 29 168 195 221 218
34 37 38 38 165 217 212 206
39 27 28 30 165 222 214 207
44 33 35 35 190 234 246 231
45 39 37 42 188 224 219 206
39 40 40 47 200 264 260 239
43 34 33 35 195 236 227 224
42 38 39 41 209 259 259 244
40 35 34 41 206 252 257 230
37 34 34 34 174 238 220 218
42 31 32 29 184 243 246 219
37 38 39 40 201 239 245 237
34 32 33 36 195 245 255 216
35 34 34 37 195 238 257 243
33 32 33 32 181 231 217 223
45 33 33 38 180 251 257 222
39 25 26 28 177 221 228 224
33 30 31 35 176 229 242 209
36 40 41 43 178 237 232 232
35 27 30 29 186 251 259 221
40 41 40 46 188 245 238 222
39 23 23 26 182 235 245 230
26 31 31 29 193 252 239 240
39 27 28 32 184 227 230 200
41 33 32 34 185 244 233 212
42 33 33 36 167 213 227 205
40 30 30 35 177 242 208 211
40 43 43 40 204 252 245 222
24 27 30 33 183 226 230 207
45 36 35 33 198 235 236 231
33 27 26 32 183 232 231 206
38 35 34 37 215 242 242 228
30 35 35 39 182 241 230 227
35 33 34 34 191 225 234 195
33 31 32 32 183 228 235 218
39 24 23 30 174 222 234 215
34 33 34 38 193 238 233 210
41 40 40 46 193 256 231 215
25 34 33 35 200 233 253 227
40 30 31 34 185 236 237 202
35 33 32 36 199 237 213 223
30 27 30 33 188 240 232 201
34 33 34 35 186 229 225 220
35 25 27 28 188 223 220 211
38 36 33 33 161 217 224 188
29 35 35 39 202 223 229 222
43 32 32 31 175 238 238 218
32 28 31 29 180 229 239 208
27 29 31 32 192 241 236 219
35 47 46 44 186 243 229 212
39 31 31 32 202 240 254 215
42 29 28 30 181 237 248 236
31 34 34 34 167 204 207 199
29 26 26 26 164 216 233 202
35 37 37 39 205 256 268 252
31 38 38 41 208 236 235 229
46 42 42 44 211 246 252 230
33 24 24 25 157 202 219 187
43 40 40 37 203 246 260 238
34 19 20 21 176 225 221 208
45 45 47 47 202 249 258 248
38 28 28 34 190 235 229 234
34 46 49 42 209 242 251 218
35 26 26 26 180 240 226 230
32 24 24 26 180 240 221 193
45 26 26 33 187 249 219 220
30 42 42 41 193 245 229 220
33 28 27 28 181 233 237 224
31 30 31 35 175 226 225 204
29 22 23 21 189 243 240 231
31 31 30 29 189 250 235 208
28 29 29 33 180 235 224 216
37 35 35 35 176 235 239 219
31 33 35 39 183 220 220 205
38 33 35 34 186 242 228 230
33 38 36 38 178 243 240 209
41 35 35 35 192 239 224 211
40 41 41 43 212 260 268 218
42 35 36 33 197 252 259 223
45 32 34 33 192 226 236 225
36 30 31 29 184 235 232 211
27 23 23 23 193 211 242 229
42 38 38 37 190 212 241 234
34 34 35 35 180 227 209 218
38 38 38 40 187 240 227 218
34 45 43 48 194 235 240 226
43 39 39 41 180 228 231 217
41 35 35 39 187 250 248 219
36 34 34 39 196 234 219 240
29 30 32 28 179 235 228 207
42 30 28 29 189 239 234 208
32 28 29 29 194 257 255 228
35 40 40 43 178 244 244 201
45 22 23 24 185 237 242 209
35 27 26 33 185 249 253 240
38 28 28 27 185 241 227 209
38 23 24 26 160 219 204 184
37 35 36 39 178 241 223 229
34 39 40 40 192 234 235 211
33 29 30 34 189 234 235 225
47 36 36 36 166 238 229 221
37 27 27 34 176 216 213 212
48 28 30 33 196 242 231 208
29 23 23 23 164 218 208 195
37 38 36 34 199 256 260 223
45 30 31 28 201 243 247 224
44 29 32 31 190 251 256 231
27 30 31 33 175 233 216 215
45 42 42 44 170 252 229 214
41 37 38 40 185 233 237 202
35 33 34 36 182 226 233 220
42 37 37 41 204 245 268 240
32 38 38 38 186 239 226 222
34 34 35 36 188 249 227 228
45 32 31 32 201 246 243 232
42 43 45 45 208 246 251 238
33 28 29 28 175 213 217 211
31 33 33 34 177 221 238 200
32 31 32 32 193 245 219 229
39 32 32 33 187 239 237 208
42 35 35 39 210 254 258 254
30 30 30 33 197 244 224 205
44 36 39 36 187 222 254 225
33 33 35 34 197 230 227 219
39 28 28 31 171 237 221 216
26 31 32 32 185 241 258 213
33 41 40 44 190 226 225 211
27 26 26 31 174 222 230 210
35 40 40 41 169 224 216 201
35 31 30 31 202 247 231 217
25 37 36 36 182 244 225 210
49 32 34 36 180 239 230 204
42 35 36 35 201 244 248 221
34 35 35 35 180 245 246 219
35 33 35 31 174 220 212 186
36 27 28 32 191 223 216 215
31 33 32 34 176 241 220 216
31 30 31 30 179 229 237 206
33 32 32 36 199 244 239 235
39 38 40 38 200 250 258 245
37 27 30 31 178 213 238 214
33 42 42 43 194 239 235 216
36 22 23 24 172 214 235 195
26 38 39 41 182 241 233 205
44 35 33 34 187 248 252 219
41 31 34 32 192 257 270 252
33 28 30 31 196 206 204 216
36 36 35 32 192 232 236 224
40 24 25 28 174 247 243 206
33 35 35 34 206 249 259 224
43 44 44 50 200 258 247 228
47 30 29 32 191 238 254 210
36 30 31 30 183 240 232 229
30 29 29 37 177 237 226 207
38 33 33 34 181 223 224 204
31 25 26 28 177 212 214 214
31 41 40 43 200 251 249 223
40 33 33 34 179 228 243 219
46 29 32 31 195 222 230 207
39 34 34 34 209 244 242 233
39 43 44 44 203 256 273 232
36 45 46 47 201 250 251 250
39 36 35 38 181 236 244 205
44 30 31 33 208 253 246 231
40 32 32 31 170 240 227 213
30 22 23 25 166 224 227 212
43 33 34 37 172 231 221 206
44 32 30 32 217 249 252 239
39 34 34 39 201 244 243 230
35 37 37 36 174 216 210 213
36 30 30 31 183 220 223 203
38 39 38 37 178 225 216 211
31 34 34 37 191 230 223 227
43 39 39 38 213 246 255 235
35 34 34 36 189 249 237 212
44 29 29 32 200 240 250 232
32 23 23 27 190 217 222 212
31 31 31 33 192 254 229 230
45 41 41 39 189 238 228 237
42 35 38 36 188 236 240 224
34 30 30 36 198 253 261 234
36 36 36 37 203 250 231 213
40 37 38 41 192 231 239 201
33 33 33 35 202 236 244 216
34 52 52 50 225 256 231 245
34 27 25 28 183 235 237 208
42 33 34 35 205 265 242 235
29 30 33 29 176 248 234 201
35 46 46 46 208 239 249 230
35 44 45 47 182 221 232 214
43 35 36 37 185 253 254 234
35 24 25 21 204 263 247 237
26 21 22 25 188 228 232 204
40 33 34 35 182 234 252 225
40 30 28 29 184 226 232 208
37 40 40 41 186 240 234 210
38 30 30 32 171 219 231 191
41 28 26 27 185 244 230 210
31 32 32 32 190 241 239 219
36 35 35 37 174 231 239 206
39 31 30 33 160 221 222 202
37 33 33 38 186 233 250 220
33 31 32 32 179 234 239 210
28 20 21 26 169 239 231 197
38 34 37 29 208 255 260 242
38 37 37 41 202 243 253 237
34 37 37 36 193 247 234 221
37 36 36 37 188 230 220 211
29 30 31 28 211 237 224 232
34 37 37 36 177 221 231 208
39 28 28 31 177 239 241 199
33 39 39 38 177 237 226 215
26 33 33 32 182 238 229 208
43 43 42 46 203 240 237 209
28 29 28 31 196 237 243 203
41 32 33 35 190 239 234 217
45 38 38 37 188 232 255 215
47 28 28 34 181 244 236 219
37 37 38 39 175 243 243 212
43 36 37 39 196 271 261 231
46 30 31 34 171 235 217 220
42 35 35 37 183 242 229 216
27 22 22 25 174 229 236 209
49 41 41 42 179 236 244 229
34 19 19 22 167 217 224 207
34 28 29 29 202 248 239 234
26 34 34 35 173 225 228 210
27 29 31 30 169 196 197 183
45 34 32 36 185 229 229 204
28 36 36 38 177 218 220 218
35 26 26 27 184 233 231 228
37 41 41 44 199 235 224 211
34 34 36 37 201 237 222 230
32 32 33 33 167 214 200 184
35 38 38 43 197 245 243 224
40 25 24 29 183 227 240 207
46 36 35 34 212 236 243 231
39 43 44 42 217 251 266 226
47 43 43 46 191 233 246 219
31 34 35 40 201 224 244 230
32 33 32 32 183 252 239 215
34 22 23 28 183 229 218 198
33 47 48 54 204 250 236 236
38 35 36 37 178 220 242 219
39 30 31 32 176 246 246 221
37 33 32 36 185 237 261 238
39 44 45 41 181 234 232 213
32 38 38 40 181 240 242 219
32 27 29 25 205 244 243 212
28 42 42 46 189 224 232 221
28 21 20 25 201 250 244 236
31 39 39 43 176 244 237 218
33 34 35 39 197 244 245 205
36 36 36 38 196 239 241 225
49 47 50 49 213 249 232 238
45 28 26 34 185 244 239 236
34 43 44 44 194 243 256 234
47 32 33 39 181 244 230 222
37 27 27 34 198 221 240 213
44 37 38 37 200 238 245 227
47 43 42 47 225 234 247 222
40 32 32 32 196 251 238 231
29 36 37 36 191 259 238 222
44 36 36 45 194 250 256 231
42 41 42 40 212 239 239 233
32 37 35 39 213 236 227 230
39 39 38 39 204 252 237 234
45 41 42 41 195 262 261 250
50 29 30 35 209 249 255 221
35 34 35 36 182 228 217 211
37 36 34 34 191 213 227 211
24 34 34 39 176 230 238 221
37 30 31 32 188 241 229 222
46 41 41 44 186 232 254 206
42 33 33 32 204 237 237 206
34 29 28 31 152 220 229 201
44 35 36 34 200 236 231 228
40 43 44 45 206 261 241 226
25 44 44 45 180 223 216 208
43 40 39 43 208 249 245 231
29 33 35 33 194 232 236 210
32 37 38 34 200 238 234 223
37 41 42 43 208 252 262 242
37 35 39 35 191 262 227 217
42 26 27 31 189 238 235 235
38 24 25 27 181 229 248 199
40 35 35 34 208 264 248 247
37 25 26 29 167 229 229 202
39 39 39 39 202 220 230 212
36 23 23 24 173 232 221 205
35 33 34 35 174 218 241 196
31 32 31 28 200 234 237 226
27 42 41 45 192 251 233 212
38 34 34 37 195 232 223 213
36 24 24 26 176 229 233 222
45 37 36 42 192 245 262 243
48 34 36 37 167 229 224 205
35 32 31 34 180 233 247 214
33 33 33 37 194 231 219 220
49 33 34 37 185 233 259 210
38 37 38 40 210 251 245 253
33 34 35 40 191 233 246 250
31 32 32 36 197 231 250 202
34 31 30 28 191 241 249 241
34 23 23 26 193 247 237 202
26 29 29 29 194 246 227 217
39 29 29 30 178 227 217 203
28 38 38 36 181 248 232 198
41 34 37 34 170 232 243 214
42 35 36 38 184 236 258 217
34 30 33 32 188 235 244 210
28 30 31 30 188 241 246 234
37 28 27 28 190 228 245 212
35 29 28 29 177 232 226 218
32 35 37 34 195 243 271 225
35 42 40 48 212 261 246 232
29 24 24 26 178 215 223 208
36 39 39 40 201 231 245 214
43 39 39 42 190 240 238 212
33 28 30 36 160 215 204 186
38 33 31 33 203 251 255 224
34 28 29 31 176 227 232 218
32 31 32 30 193 240 227 203
44 37 39 39 190 240 236 226
37 40 40 42 215 243 234 244
41 36 36 43 167 209 207 185
40 34 34 32 189 233 226 216
42 30 29 30 200 255 233 235
24 32 32 34 195 238 258 214
30 29 31 27 190 246 231 221
33 38 38 40 186 230 229 211
37 26 28 27 171 236 233 209
38 37 37 42 207 241 236 232
41 37 37 40 192 226 228 206
31 44 43 42 179 228 229 230
34 38 39 39 192 220 242 211
35 38 39 38 189 243 260 237
44 31 32 36 191 238 232 211
38 24 24 28 175 218 221 217
36 30 30 31 172 224 231 203
40 33 35 33 208 250 240 221
42 29 29 29 177 235 245 216
40 22 25 26 171 233 238 197
40 24 25 27 196 256 245 210
44 22 22 22 206 268 243 213
41 27 31 28 196 247 256 223
41 31 30 35 200 238 224 202
36 24 24 27 159 233 222 212
23 26 23 26 203 268 255 229
44 41 41 45 185 258 256 233
33 26 25 22 187 226 225 214
32 33 35 41 190 232 231 210
44 27 27 29 198 241 259 224
29 25 26 24 185 257 233 219
48 31 31 36 186 249 233 211
36 28 28 31 201 240 227 217
35 30 30 29 182 231 222 221
30 29 30 32 193 230 238 204
36 34 33 33 192 219 222 205
34 40 40 43 194 226 245 232
38 29 30 36 186 227 239 219
49 42 43 43 204 246 272 252
27 38 39 42 184 230 240 224
37 33 35 39 202 232 235 228
26 32 32 31 193 227 241 207
32 39 40 40 192 258 252 232
35 36 34 36 186 241 245 194
34 25 26 29 185 234 211 219
40 25 24 27 176 230 231 232
40 41 41 42 188 232 234 210
31 33 33 34 186 232 227 219
36 32 32 33 217 257 259 239
30 30 31 32 206 248 248 208
31 28 28 33 200 264 246 236
23 30 29 32 185 225 259 219
41 39 39 41 206 232 244 217
37 36 36 39 179 242 231 227
39 26 26 25 190 258 225 221
38 33 33 36 194 220 247 213
46 38 39 40 227 255 251 233
28 34 34 39 178 231 233 229
35 33 33 37 171 237 236 220
34 28 27 27 193 266 244 218
38 37 37 40 192 244 233 220
33 23 25 25 194 241 219 213
38 30 30 31 190 230 222 215
30 32 31 32 190 238 258 234
32 39 39 39 165 219 217 193
40 29 27 32 194 220 221 204
27 33 33 36 164 211 215 198
37 37 38 41 169 229 242 225
37 30 32 29 195 229 248 214
33 41 41 43 185 225 237 229
34 33 33 34 162 206 214 189
25 28 28 29 160 211 216 201
31 28 29 34 181 246 254 216
38 38 37 37 218 258 274 244
33 30 31 35 179 227 235 191
33 19 19 19 151 215 222 202
32 34 36 32 185 228 235 210
31 32 33 37 188 232 228 205
25 31 31 34 158 212 223 205
38 31 30 34 200 256 248 227
33 35 36 37 178 239 241 211
32 32 32 34 184 223 229 205
36 33 34 36 201 232 227 214
38 41 43 40 202 256 260 252
35 29 27 28 200 242 246 233
35 26 26 27 212 247 267 245
32 22 24 20 180 220 227 207
42 39 41 43 177 214 231 219
28 24 22 25 166 235 230 202
40 35 37 38 182 239 247 214
35 30 30 33 185 238 227 195
25 30 29 33 165 241 232 218
23 37 36 38 177 228 230 219
33 21 22 29 177 244 235 207
40 34 34 36 173 241 236 223
38 30 32 36 199 252 252 233
35 23 22 28 175 229 218 217
34 28 27 30 176 222 233 205
38 32 31 32 187 238 231 214
38 33 33 34 175 222 229 225
37 32 32 36 175 229 221 212
40 34 34 33 186 241 247 204
40 34 34 39 185 223 220 205
28 35 36 39 182 217 204 199
39 24 26 23 191 242 245 230
38 25 27 24 190 226 236 240
37 37 34 38 206 250 252 234
41 37 36 38 215 267 271 254
45 35 33 37 189 259 242 215
25 28 28 29 210 251 249 206
35 32 31 31 171 246 240 224
28 26 26 29 188 229 228 210
31 29 29 32 188 242 231 195
47 37 36 42 196 262 248 238
31 29 28 35 189 232 233 217
38 31 31 33 190 221 232 206
36 27 27 29 181 212 213 209
35 46 45 46 183 244 239 211
40 24 23 20 187 225 244 204
28 33 33 37 175 224 225 216
33 38 38 39 179 236 224 203
46 40 39 46 189 236 230 215
47 47 48 53 224 246 236 231
33 33 34 34 180 223 214 201
38 32 33 35 184 222 235 216
29 34 33 37 192 240 243 217
35 37 36 37 183 220 237 221
34 31 31 31 169 229 223 215
43 38 40 36 206 255 238 222
32 45 47 46 181 228 244 214
30 36 35 41 196 226 236 226
36 23 23 26 180 241 219 211
45 25 26 27 187 231 226 210
46 30 31 36 194 246 244 225
39 34 37 36 188 245 233 228
38 32 32 30 194 236 226 230
44 35 34 41 206 235 234 217
26 27 27 28 184 222 237 211
47 25 24 24 175 232 232 216
37 38 38 38 204 238 243 219
44 34 33 36 187 227 234 226
27 28 28 29 177 219 203 192
41 43 43 47 179 218 230 205
44 26 27 31 175 211 223 214
37 32 32 35 204 238 264 223
32 33 33 36 194 231 225 218
33 26 26 25 181 235 240 215
44 47 47 53 187 212 243 225
38 41 42 41 173 219 225 206
27 30 30 32 177 230 244 225
33 25 25 25 187 218 212 195
38 28 27 26 176 226 216 210
25 34 33 37 197 236 249 227
35 32 32 34 193 235 233 224
29 36 36 38 205 240 241 219
46 35 36 35 195 227 247 231
39 36 36 36 212 246 265 228
26 38 37 38 191 223 231 211
27 39 40 41 200 215 221 203
37 30 30 31 173 238 232 199
39 23 24 26 182 238 232 217
43 31 30 32 195 223 231 228
38 35 35 43 188 230 233 224
51 42 42 45 203 257 249 235
38 30 32 32 186 226 230 208
40 31 32 35 185 233 251 224
31 34 36 37 192 253 244 215
33 31 32 35 170 204 210 179
29 38 38 41 183 208 206 211
30 33 33 38 191 243 220 232
40 31 32 36 198 280 270 219
30 24 24 22 184 227 228 217
37 31 32 35 196 229 241 212
36 34 36 36 189 213 216 218
35 33 33 35 186 262 247 235
35 39 40 41 178 236 232 205
43 18 19 25 190 234 235 220
35 39 41 42 201 260 262 226
27 26 26 29 190 207 230 195
42 32 34 34 187 251 237 218
26 35 35 35 159 210 221 197
32 35 35 39 174 231 242 212
30 31 32 35 166 229 200 196
35 38 39 39 176 230 211 207
36 43 41 43 201 251 248 224
32 38 37 39 189 226 241 217
32 33 36 37 184 224 232 202
39 27 27 29 184 243 234 203
34 30 31 33 194 247 246 225
36 26 26 27 162 198 216 205
34 29 29 32 185 224 233 178
33 28 29 30 169 239 259 223
34 38 39 42 199 245 232 226
34 30 30 32 182 248 243 215
43 44 46 43 201 226 247 223
26 24 24 22 181 243 242 209
36 34 34 34 188 230 252 213
41 39 39 41 197 221 224 229
34 33 35 33 172 236 226 220
33 33 33 37 186 255 223 206
34 29 29 32 182 238 222 208
34 30 32 29 191 224 232 221
32 33 33 34 198 248 245 221
50 40 42 42 188 233 221 232
32 26 27 30 181 222 240 219
51 37 39 42 198 254 246 223
45 26 26 36 196 252 247 238
41 32 32 32 197 240 229 224
49 38 38 37 183 249 242 220
33 40 39 40 193 252 238 222
42 33 33 35 187 235 234 228
33 36 37 39 208 250 247 231
23 31 33 32 199 227 211 228
40 53 52 57 178 228 243 211
39 42 42 40 185 229 238 205
37 33 33 34 186 229 243 225
37 34 33 32 186 223 234 222
39 38 38 39 175 249 243 225
29 31 31 30 189 220 241 209
40 25 25 27 185 221 237 212
45 28 29 32 195 246 255 227
45 34 36 37 181 242 229 218
34 36 35 36 218 239 252 227
41 38 38 37 206 242 248 226
44 32 32 35 205 257 229 205
29 36 38 34 182 245 249 216
41 33 34 32 185 225 237 216
34 33 33 38 176 241 224 208
32 32 32 36 191 255 248 249
24 39 40 40 190 230 219 200
41 31 30 35 184 256 258 224
39 39 39 43 193 247 248 222
37 29 28 28 174 205 235 190
41 39 39 42 190 255 243 232
41 33 33 34 184 215 228 218
26 30 31 35 172 211 238 202
40 28 29 33 198 240 245 231
36 31 31 35 201 238 247 220
41 33 35 36 202 256 252 229
28 24 24 26 166 215 221 203
32 29 29 31 165 226 221 188
35 26 24 24 189 237 245 224
42 38 37 41 201 251 257 230
41 35 36 33 188 232 241 205
41 40 39 39 208 248 263 249
32 37 37 38 176 225 228 210
45 41 43 41 201 262 261 241
47 36 37 31 187 260 225 222
34 38 39 38 191 246 220 210
38 34 34 38 179 227 230 221
33 33 34 37 201 247 238 220
31 31 32 33 177 226 237 205
35 26 26 25 173 229 225 214
27 32 31 31 159 200 220 177
40 39 37 36 178 218 239 207
41 27 27 34 198 233 225 225
39 29 31 30 208 257 237 240
38 36 37 41 199 261 253 235
34 41 41 46 180 242 236 216
33 28 28 30 187 224 239 209
33 42 41 42 192 236 229 228
30 35 34 35 195 234 236 206
48 42 41 42 217 244 255 252
33 34 34 34 185 233 233 217
28 35 37 37 172 236 236 209
39 36 37 41 172 223 225 223
44 27 27 27 190 250 243 221
34 29 30 34 185 223 232 201
35 31 33 33 188 221 237 201
22 31 31 33 182 236 209 210
34 49 49 47 185 232 258 214
37 25 25 33 178 212 212 211
33 33 34 34 179 257 255 233
45 29 29 34 201 249 228 231
34 32 33 37 214 243 260 227
36 36 38 35 195 243 235 212
30 34 33 31 175 227 213 206
46 37 37 37 209 274 257 236
32 34 35 35 178 213 208 180
42 29 29 34 196 230 245 229
28 34 35 32 189 235 236 208
44 33 37 39 186 225 235 203
35 40 42 46 193 230 249 218
32 37 37 43 184 240 234 229
38 33 34 35 209 256 250 248
39 25 27 27 204 239 249 225
28 29 29 32 174 229 214 189
25 33 33 35 169 222 213 193
45 41 41 45 192 250 261 227
30 25 24 31 157 224 222 205
37 38 39 40 194 233 246 214
43 39 38 39 191 223 230 205
41 43 45 45 198 243 225 223
39 38 38 42 183 224 249 218
43 23 23 27 196 242 216 213
38 29 27 29 187 245 244 218
35 30 31 34 192 244 219 210
35 31 32 36 194 250 254 236
45 30 30 32 211 245 254 232
38 28 28 29 201 251 244 203
33 33 33 34 195 255 261 252
37 37 37 37 185 231 234 214
28 31 36 33 169 227 229 198
45 41 39 40 186 248 249 226
26 25 25 25 191 229 214 187
34 30 30 33 190 224 222 201
37 38 37 40 184 236 241 217
45 35 35 37 207 250 268 239
36 36 36 36 181 232 206 215
44 28 28 32 213 256 256 249
38 44 44 45 228 225 251 226
39 29 29 30 188 234 238 228
35 31 32 33 177 209 214 214
29 37 36 39 187 220 225 208
40 33 33 37 184 231 235 216
34 32 32 33 181 246 243 231
40 28 27 29 184 241 232 207
42 30 31 33 192 232 229 190
32 34 34 37 193 233 231 204
42 29 30 30 194 250 242 232
38 37 38 44 186 228 237 211
35 32 32 37 176 226 216 225
30 22 24 25 185 241 244 233
49 41 41 45 217 251 249 229
29 34 33 35 192 218 214 205
28 29 29 34 187 257 239 213
38 28 27 30 181 227 249 218
35 36 37 39 196 231 261 236
26 34 35 34 186 221 239 209
41 42 44 42 206 242 252 218
30 30 30 30 185 228 237 207
44 29 30 29 178 216 217 192
32 30 30 33 188 240 250 228
35 36 36 37 184 235 221 207
37 30 30 34 190 251 246 237
42 28 28 30 188 247 251 217
38 42 43 49 189 229 227 204
33 30 31 29 168 213 212 204
36 35 34 38 195 241 236 235
44 29 30 31 191 235 243 199
37 30 32 32 204 247 241 227
35 43 44 46 179 239 244 225
42 40 41 37 184 228 250 227
35 27 27 28 175 231 217 210
24 48 48 47 193 258 249 218
27 30 30 31 191 229 220 233
31 34 32 33 191 253 233 226
42 34 34 34 190 250 239 231
38 28 30 30 192 225 221 218
40 41 42 43 165 229 231 214
49 33 33 35 164 231 242 223
31 27 29 28 183 226 236 193
40 30 29 31 195 242 240 220
28 33 35 38 192 233 230 221
34 35 34 39 191 258 243 195
37 36 37 39 183 224 251 222
43 51 51 54 198 257 268 224
36 34 34 37 179 233 223 219
39 29 29 31 190 219 243 224
35 26 27 30 188 238 224 199
44 41 41 42 206 250 237 224
35 40 41 44 196 248 237 222
38 40 40 42 197 228 243 229
33 20 21 24 173 216 216 214
25 32 31 29 179 211 210 210
36 37 38 39 208 233 241 220
30 22 23 28 190 212 244 216
33 30 31 35 180 229 229 213
32 39 39 36 189 239 237 211
38 25 27 29 184 235 243 231
36 33 34 31 178 227 233 198
43 28 28 33 193 257 243 226
42 27 28 29 191 255 244 239
35 34 35 38 185 221 231 214
37 29 31 33 199 245 239 214
32 31 30 33 190 242 239 242
29 32 32 33 158 224 230 207
29 30 30 32 182 240 246 213
31 25 26 26 181 238 240 209
36 16 18 20 169 205 223 193
40 28 27 28 195 244 235 199
36 28 28 29 195 231 241 215
30 31 31 34 203 255 248 233
46 30 30 32 205 242 242 235
33 31 31 32 202 236 258 216
34 33 33 34 181 252 251 226
33 32 32 33 181 239 215 200
26 25 25 30 208 250 243 243
35 44 45 44 195 225 240 218
34 30 29 28 185 250 250 239
42 25 26 25 176 217 212 207
38 27 27 32 176 238 239 197
35 33 33 34 187 237 218 208
39 37 37 43 184 228 227 223
30 26 25 31 163 217 235 211
30 28 28 31 174 222 212 194
31 30 30 30 193 250 249 238
27 22 23 27 185 237 228 221
33 29 30 30 193 247 238 229
37 27 26 31 191 228 243 211
46 39 38 42 187 232 215 211
34 36 35 38 197 253 242 224
40 36 37 35 194 249 243 226
42 35 34 38 191 233 220 202
41 21 22 22 173 225 213 225
38 21 22 28 209 266 250 220
43 24 27 27 191 243 248 234
31 35 36 33 197 235 230 213
50 25 25 30 193 226 249 218
42 47 49 48 192 247 256 213
39 38 39 40 183 227 241 234
41 35 34 39 191 262 244 221
36 31 31 32 189 250 249 222
36 35 35 36 188 225 220 215
34 27 28 31 182 240 244 217
38 31 30 33 195 222 236 224
38 33 33 36 197 238 240 242
42 36 36 40 189 237 232 207
33 27 29 27 184 223 216 204
39 30 31 35 185 247 243 205
34 41 42 47 182 255 239 229
39 35 35 39 167 218 215 198
31 36 36 42 187 242 235 217
40 38 38 39 186 237 231 215
37 32 34 34 178 219 225 218
37 30 31 34 163 213 208 182
27 25 25 28 176 231 243 207
33 36 35 33 190 239 257 226
41 25 26 26 199 248 244 218
33 25 26 34 180 235 232 221
41 38 38 37 188 250 232 233
42 30 31 33 161 210 206 196
45 41 41 45 191 240 239 226
42 33 32 36 170 251 233 225
34 31 31 33 179 225 210 194
30 36 36 38 183 225 230 214
40 32 31 35 204 233 243 233
35 27 27 24 183 236 229 204
37 29 29 32 187 246 232 214
34 28 27 32 188 229 233 207
29 33 33 33 171 214 235 207
43 22 21 27 179 236 239 224
42 32 31 36 193 225 226 201
40 34 33 31 192 230 235 220
43 34 34 36 177 224 217 194
26 24 24 23 175 205 227 213
27 35 34 38 181 230 241 211
32 43 42 44 184 232 238 218
36 46 47 46 194 240 228 223
39 40 40 42 218 249 269 249
40 39 39 38 189 233 242 228
38 34 33 36 203 261 245 237
36 25 25 29 174 235 220 189
37 26 27 29 200 233 238 212
43 30 31 34 166 230 225 210
41 27 28 31 201 247 240 239
39 35 36 33 164 211 216 207
39 31 30 32 182 243 234 224
38 36 36 37 176 232 229 213
45 26 27 31 205 252 253 228
37 29 30 29 188 229 254 219
28 30 31 35 180 220 227 197
40 28 28 29 200 244 235 217
36 41 41 41 205 250 267 222
39 42 44 45 200 254 244 223
39 33 33 35 194 234 243 199
33 25 26 28 197 258 245 230
47 32 32 32 171 232 237 210
41 27 29 30 174 245 248 237
32 29 29 32 188 217 223 198
27 32 33 35 169 234 232 212
40 26 26 31 167 241 230 214
34 37 36 38 195 242 250 201
34 40 40 44 193 253 230 241
47 40 39 40 184 228 236 227
44 33 34 33 192 244 252 208
37 36 36 40 186 234 248 204
38 26 27 29 181 245 225 213
32 30 32 34 187 244 227 236
45 31 31 34 191 224 239 218
40 31 29 34 196 235 242 229
40 38 37 39 171 217 240 205
42 20 20 20 175 227 223 200
43 26 28 30 192 229 231 214
38 35 35 33 160 223 212 200
34 40 39 42 191 244 235 210
44 25 26 29 190 254 233 223
39 25 26 30 166 236 224 204
41 41 43 43 188 240 229 213
39 33 33 39 192 235 232 241
38 44 46 48 187 230 252 216
33 28 29 33 188 223 253 203
39 24 25 23 161 225 241 222
36 38 39 39 172 229 237 207
33 20 20 24 178 238 222 218
34 35 36 36 186 240 242 236
31 27 25 27 178 214 223 202
41 44 44 45 186 222 226 221
35 34 34 39 170 232 223 212
35 36 37 43 200 253 264 231
36 21 20 25 185 219 235 213
41 36 34 35 186 250 228 217
25 30 30 31 176 236 249 225
35 34 36 36 217 245 273 235
29 26 28 26 180 230 223 211
37 29 32 33 196 259 271 219
32 27 26 27 177 228 245 217
30 31 32 30 170 219 208 208
40 29 29 30 186 239 250 210
35 39 38 41 181 236 231 215
31 33 34 33 173 236 217 206
28 30 30 31 190 228 257 210
32 32 31 30 190 243 246 207
46 39 40 42 235 271 268 254
39 24 25 31 168 248 240 216
35 26 26 28 203 249 250 214
44 39 38 39 198 259 243 229
30 27 27 33 176 245 241 232
48 32 32 36 193 230 237 207
46 28 27 29 203 260 244 224
38 25 25 22 198 239 265 225
49 34 33 33 187 220 231 204
43 36 35 34 172 222 229 215
27 37 36 36 184 229 224 198
41 43 44 47 190 244 242 225
31 29 30 29 185 229 235 209
41 28 28 33 206 248 259 240
37 21 22 24 171 231 230 204
35 27 28 31 189 227 220 213
44 30 30 34 191 232 224 221
44 37 38 39 196 261 267 259
23 33 34 34 169 211 229 199
31 36 37 40 187 213 222 210
38 31 32 31 175 221 216 202
31 34 36 32 178 239 223 214
32 39 40 44 179 233 231 218
32 37 36 37 176 222 218 218
34 28 30 31 178 222 219 218
45 22 21 23 170 222 221 201
39 32 31 35 177 217 224 194
44 28 27 28 185 255 241 238
37 43 43 45 189 225 221 212
20 35 35 39 176 230 232 192
29 32 34 32 171 208 210 213
19 33 35 36 181 228 237 216
52 19 19 24 184 240 240 237
33 41 41 45 198 233 229 213
29 33 33 38 202 246 241 213
37 24 23 27 172 233 222 222
36 36 35 37 175 231 246 217
36 34 33 33 182 236 238 196
35 27 27 34 197 266 259 232
30 35 34 32 194 233 232 223
39 32 32 33 179 228 243 205
35 42 41 47 193 222 223 212
41 32 32 36 174 226 238 221
36 34 34 40 196 221 251 229
49 29 29 32 189 237 227 214
41 34 35 37 156 210 220 194
42 37 37 40 216 268 262 235
23 28 29 28 154 220 218 194
38 26 25 27 180 229 224 223
36 33 34 38 187 235 251 221
33 34 34 38 163 209 224 199
31 28 29 34 198 239 252 219
28 27 27 29 171 216 225 203
42 35 36 40 192 232 249 227
40 45 46 45 191 237 232 217
28 24 25 28 192 236 224 207
32 35 35 35 189 228 226 219
42 28 29 36 185 227 210 219
42 31 32 28 191 232 233 215
28 36 36 38 187 251 237 193
38 31 32 31 199 224 258 208
32 27 26 30 166 233 220 202
42 40 41 45 202 238 249 226
37 36 34 40 193 253 250 199
26 21 23 23 168 222 201 191
31 32 34 33 188 248 234 225
25 33 33 34 189 236 229 198
37 26 26 27 182 250 254 218
33 38 39 38 178 248 228 220
30 32 33 35 184 223 225 205
47 42 42 48 206 229 242 212
40 33 33 29 197 227 240 209
28 28 28 30 176 212 207 210
36 29 30 29 180 223 229 218
32 30 32 29 183 222 229 201
35 32 33 33 190 232 229 259
40 33 33 34 190 237 253 232
35 27 28 26 169 218 221 197
34 34 33 33 208 238 238 233
49 36 38 40 200 244 249 238
38 30 30 27 182 229 234 214
38 26 28 27 181 244 238 231
39 35 35 36 178 225 229 219
34 34 34 37 195 237 246 216
38 32 32 37 196 224 228 207
53 34 34 36 183 242 239 206
35 23 24 22 164 195 202 184
32 39 40 42 194 246 262 214
35 28 29 33 201 235 254 223
26 28 28 29 186 217 223 200
35 38 39 39 187 237 239 221
38 26 26 28 154 208 208 203
49 41 42 40 201 262 242 233
32 24 25 28 187 231 265 219
34 30 29 31 188 232 226 202
35 40 42 40 217 239 258 234
41 40 40 41 184 228 222 210
37 38 37 40 196 237 255 230
27 30 29 38 204 224 241 207
33 36 36 39 205 255 247 223
46 38 37 36 201 233 248 218
41 34 33 37 194 229 265 222
32 37 39 41 167 212 228 216
26 36 36 33 189 253 233 220
41 21 22 29 193 242 249 218
42 40 42 39 185 224 236 210
30 25 25 29 189 231 246 237
34 27 27 29 184 219 218 199
40 32 34 34 183 228 234 207
39 38 40 42 196 248 243 229
35 25 25 30 175 222 231 219
30 29 29 29 181 219 236 201
33 33 32 29 181 240 234 230
30 31 29 36 188 236 240 222
46 35 35 38 181 248 228 216
36 37 36 37 176 221 245 210
35 38 40 39 169 236 221 221
36 29 30 31 179 219 220 194
34 29 29 35 192 248 228 216
41 30 30 32 177 224 259 208
49 34 33 39 187 242 221 230
28 27 27 29 180 223 232 213
31 28 28 33 197 247 246 199
35 35 35 39 190 233 226 204
30 34 34 41 175 227 235 227
39 31 30 36 186 231 235 226
41 34 34 35 167 213 213 200
35 30 30 33 187 235 211 231
37 24 22 20 186 239 226 230
31 31 31 33 186 242 246 228
46 26 26 24 213 253 270 231
38 45 48 45 202 251 263 223
31 33 36 38 182 224 242 210
27 22 24 23 159 216 203 197
34 28 30 32 185 243 235 214
30 31 30 33 190 240 231 215
33 34 34 43 173 227 236 205
25 43 43 45 204 222 222 213
33 33 33 36 176 214 227 208
35 24 26 27 195 235 230 233
39 32 33 36 194 240 254 217
32 41 40 44 190 246 233 234
42 39 39 41 205 247 235 248
34 27 27 27 205 261 250 218
49 28 28 30 203 257 244 245
34 33 33 34 175 232 243 221
33 31 32 32 204 236 251 222
34 28 28 29 214 250 251 220
46 38 39 43 207 248 250 218
37 33 33 33 217 267 263 233
46 36 36 35 191 240 264 225
31 33 33 33 172 202 200 187
38 35 35 39 186 219 246 218
41 39 39 39 205 255 231 232
39 36 36 36 192 243 224 222
35 29 29 30 201 256 252 230
33 37 38 40 170 233 231 209

