MSRP-new    MrsP-new    PWLP-new    MSRP-ilp    PWLP-ilp
1420793    31676483    986293    381742574    333492968
2299494    12851732    1187382    212222855    173997153
875668    7371442    757185    121003615    114488315
2375781    117602    1465667    550812898    663832801
1658950    1210333    1180870    337228903    358412487
2471828    623013    1505207    453985126    560468041
1657599    23643649    1097118    228327905    248730831
1769575    37213    1252745    404725147    429675034
1368348    9031725    803693    148707004    111295235
1428774    13382237    772204    166854272    145961724
2448327    1365660    1535970    629390846    509435314
1297333    1004535    1092049    366877312    433702250
1180389    17024113    905563    164038589    127659915
1427833    19043040    1243297    475128397    505736573
2406970    27685956    1452035    318305368    282421112
2614279    39014    1312950    664218713    399240212
1674559    17462362    1904820    175704840    234472683
2226306    69149986    1699533    745525644    779249169
1234347    10099640    774535    279014468    201481686
1171101    629642    897982    175878670    210357861
1488307    1283030    1006039    687508973    809171524
2215595    19162887    1259274    288150312    279332648
2297170    979890    1001588    520291191    548183682
1528010    19864145    1033526    159002457    165593428
1732529    16904293    1307750    208562613    211458119
8412972    12254488    983210    171209906    115066088
2066584    881629    1613278    687909064    855798750
2723162    22281455    1528543    327472974    226864249
1932665    24529481    1210547    378530673    342710104
1064905    10231106    843535    318208109    185511448
1533699    8977517    1059770    182029921    185601673
1000098    6662251    776375    98411706    73065110
1245981    793650    924164    277716956    385340592
1691667    8426767    830189    142342482    83283929
3175109    538373    1943698    776179124    864853598
1182431    21991895    1031044    173840763    178340493
1083051    12247247    657761    132724252    82815463
1856816    16220852    1190683    341429869    304332377
1873881    19661194    1002679    196774569    183634416
1489150    7929864    742333    102414179    44153421
1958984    11059080    872254    294499269    190175699
2173217    2636704    1062982    365281610    289030528
1668538    8039073    911985    124635629    102157251
2159732    128390    1322669    609290767    571518801
1162358    4444634    601704    74828078    45448352
1162900    8165829    796864    119349172    94972980
1549898    20877086    911437    370244985    285438612
1601559    17877700    1052192    807510378    520615034
1615292    12423360    960239    184174497    151560751
1315810    12514674    907298    170165752    138847062
2049171    42452826    1373351    293066101    275689447
1980772    22556207    1462511    269724806    279544531
1288931    7304935    928936    185446893    186607708
1559937    25859535    1213978    303623715    263296901
1991721    29891825    1165302    359952344    388413169
102231    371188    993775    34487721    335897722
1935542    13521491    960353    167406329    124161646
781017    11456445    764417    115203847    134690159
1524609    18100933    1207674    206786630    207266603
3116804    206490    2122474    1957532617    1935129613
1710947    27651685    1014194    229046199    219131690
1536749    9893597    857750    120490321    91074479
1511850    24982000    1088128    275819602    256627286
2473339    23546613    1315885    359440489    360745731
1468729    22595798    1000662    396065720    323891423
890725    9077094    724216    143936255    138619044
1596934    16285300    1165200    153008483    124171877
1711012    21217315    1282650    309887394    282775835
1517148    13962293    874140    428891108    368250990
1800744    566068    1334239    376574723    633115554
1726739    793011    1215789    492433195    432142229
867897    6007761    560548    80623410    52785624
2194232    3611531    2855655    1447422551    2416689253
1944896    17460758    1109643    288512798    191333558
1474757    21470727    1176329    301425904    329896528
1082740    713367    913391    357649132    494568323
2868789    1015538    1674087    1283819911    1161651582
1892572    16882397    1117708    333027584    267306429
1711637    30337191    1085753    303957668    233202974
1673609    20932228    1152779    252155349    256195417
1699625    561893    867681    153583525    106746329
1188398    4782284    666673    110533705    83614387
1300227    12616393    941168    330424806    274405142
1849379    199919    1235248    234448922    260400862
1643120    380853    1113140    288170194    286244998
1192035    7951778    971287    129637777    99376973
1112012    14699845    978130    246738771    236669101
2861405    822890    1254382    391920531    310914330
1745208    19421226    1218457    253212729    247655784
2356970    28646505    1738003    1047081339    1004761398
1489038    22437838    1394221    135096020    158012906
1052527    5375425    562681    116600292    80216816
3912544    202142    2146277    1551525879    1274462450
2515273    20585579    1360067    230568072    216479929
1912462    29342742    1333579    398155450    417537005
1747526    648750    1028261    356608247    304309307
1261692    16393897    973426    132141475    114466239
1359829    15196916    986037    287475789    216681108
2247661    3597732    1329900    320833492    293298285
2189116    22867108    1385183    467192600    510027623
1495299    1173502    1397676    209147055    294538602
2251280    1508756    1724419    623500256    804394830
1291654    6443342    727465    144172827    104452799
1114042    12658040    794332    185275465    202043922
1311757    13101819    896429    115658248    64722611
1729526    4454099    1419726    476973700    538558525
1502466    16604169    805686    312870220    292507275
1623320    805482    931857    213045845    142518640
1008423    4244915    620324    78627391    67087333
1572358    244140    985084    498759312    429964744
2210242    31539994    1252449    355874904    274158237
1643737    23020480    890457    311177093    234877366
1462115    1187348    1444487    422774701    521508985
1664260    10344936    925778    136547430    98868219
1318184    9285635    724517    196184094    167677271
1683101    13938715    952446    295790434    198122328
1265507    30460418    1309099    296374441    402560499
1325500    31602466    1140967    1072389080    673072490
1698578    18393507    1196313    253271956    193773631
2483976    26012217    1515674    357327071    409644948
1094247    4641779    515053    82696574    38252641
2029017    12545021    1056571    187573207    118062624
1286895    10584408    1043855    177625630    150055581
1479900    8333896    986481    137107318    112464700
2182028    41811510    1536174    786582394    667824270
1788328    981852    853798    330361856    330714656
2619494    236566    1904781    1081716240    1366711637
2265109    670523    1689071    1196754633    1877196311
1115993    8049239    696942    100297074    71652128
1687364    9973856    909063    168053553    141089498
1898093    703113    1248919    769437789    635765637
1555819    12195169    1310163    213248105    240993554
1283690    8121409    978511    181350429    163289409
2450312    18241704    1416420    256156121    205334528
1866594    38909570    1416524    612556740    1026338652
2071335    29272038    2413262    451530475    794582591
3060746    41748107    1679458    570556294    480106817
1487421    8653571    835619    133267590    71699113
2190706    694790    1185062    403414678    369574005
1866938    31337594    1441307    626945238    955746493
1772312    606559    1241718    404417117    646124785
1144649    9188775    895346    292682266    201221931
1520757    38031    906575    182489796    146722899
1485453    15108839    880657    195983993    147355903
1740889    10214575    1220743    235898322    129732553
2534396    20852933    1419153    448212248    488797598
1492583    13426884    1136884    214374383    159282833
1179068    7897557    932189    183996305    155448810
1399535    28593809    1220084    339442094    606405754
2346416    1679431    1194370    671793949    363545122
1915490    11359935    895819    160871263    92900005
2285743    111402    1334389    557005636    538383050
1514407    9689247    754416    179083769    145415547
1374484    8240453    1097294    134433797    105235706
1640228    3123989    924749    251922102    179468329
1784628    19077678    1164649    717326095    450072254
1605364    31046    1269936    360953252    475624044
1805361    27006087    931802    294913773    184036223
1508474    22852415    1932511    310730706    554839640
2466771    26842524    1171246    441723480    287393478
1913790    15814030    1036911    414162619    237220348
2462388    1174310    1505295    730027442    657860891
1247336    8153181    757143    156216241    89295826
2923494    164522    1394224    1182412939    1318173832
3006973    319038    1484439    578310859    394983016
1473955    13695404    935941    244121572    190966019
1513085    4036152    1056999    314209367    316712086
1554288    10313547    862297    237338446    233068961
1734859    16296018    1204527    282191014    441268774
1210375    10264383    1060237    141998668    127188912
1963207    18265361    1419468    224211826    220040459
2007140    11328211    1028253    170741916    84098630
814594    12812145    761716    220467810    210368133
1666301    16416328    1204482    259441679    255222438
1334102    12223601    1023420    288399934    257562449
1477331    12896832    759308    167568315    105768648
1471767    20815871    1416005    491537742    620486582
2155327    21127840    1095024    301824787    185842504
1284721    1625361    842300    244732209    269479477
1316582    11492730    805791    241287655    201210745
1975245    22793936    1222408    286753227    349973361
2262497    22408167    1304539    305868221    190684399
1249736    8084776    896934    118163597    65362887
1529164    5139507    996291    246458072    329123421
1622248    156998    1168469    346921919    447151858
2293906    29177696    1421250    340064681    281746193
1534555    16476191    907231    220468978    147912387
2304523    52775766    1769435    620037879    658940032
1619454    17233269    871241    154280099    119290943
2242434    720317    1331930    566390613    433193034
1870233    12485788    875577    285616828    151360069
1139101    8364232    611205    152392088    99912036
2285726    27058165    1392869    410235289    369049749
1995874    38669    1227519    494094590    464921987
1519805    7565318    778752    127563241    80779626
2328830    655052    1207039    349870811    324353425
1347329    8521613    1028962    120024985    122314249
1912394    677636    1523980    663694066    848305657
1741595    936570    1105129    534611378    512335937
1608348    42593    817849    163395333    127612924
1714435    5142798    1003846    178931069    174385959
1793574    16588550    1219006    240198051    192364562
1901752    190789    1388574    537936566    737529758
2159736    475895    1829925    509220077    846635723
1311677    8702619    776686    102038190    80322111
1769443    886882    985241    345230328    236393808
1127594    10040651    922023    186609011    228359552
1211278    9665356    890958    238651085    273127746
1742478    12940871    992932    193750299    113961803
1623578    13203039    1129092    191060207    174470828
2730947    57622218    1685550    549207808    484979930
1947436    14399907    1124787    269837136    259676707
1636728    22547186    1197039    235542833    234721606
1253144    13808715    1023365    181012112    129159783
1743250    22192740    1067002    330311773    318059289
1606985    257453    839033    449290983    424189367
1346327    596763    819016    165955672    161348713
1738774    17778215    1370524    198962887    202833205
1576634    12067124    1113200    590654617    510427583
1647921    575954    1722684    581799582    935216594
1963780    19787312    1557988    218719111    242802987
2639416    1133811    1666674    477843756    551714233
2349862    257073    1567372    1031966429    1478081438
1339531    796156    967804    437866391    371008162
2312172    37955608    1510752    435215664    558850202
2096180    298079    1694288    597588182    744698208
1633582    1225611    1186002    295097591    337788430
1830915    11909291    1067120    180859172    127124870
2210816    39296751    1432058    328814399    428197615
1411780    24054348    1128922    237808553    219684326
2250530    898232    1315103    521582347    564451823
1775760    20198740    1090412    279951347    233486718
2200854    1126057    1435888    331479716    340742422
1214680    24994637    896346    186517581    187034765
1270333    1031423    912563    336989299    309589860
1601747    9455989    988724    130089948    91852342
1489056    9862208    948962    149590372    159731069
2025801    27649345    1336789    270486920    312904885
2256960    799360    1042365    419753976    256652431
2025238    18683319    1328100    287396096    317991999
1964559    1504738    1252044    389632757    351824244
2023059    20885732    1371338    291969111    294824768
1090488    5073997    877161    91261544    109354508
1832230    17541968    1189013    318311841    325071491
1740378    9433935    867851    149439020    86967562
1441411    9010507    833580    185140586    140311756
1604492    12485554    993605    286113061    307464607
1412407    9439108    875712    195971888    171263989
1057343    7867063    810493    167954577    100679486
2342300    695318    1356831    526512631    450937106
1961991    19790341    1134750    315634786    295158180
1930694    45839157    1276019    626677091    728489186
1800445    179444    1586720    582476466    688492704
1726261    34599253    1028421    557018248    434231998
1557774    23732290    1026952    237848340    232802097
1269879    29058782    1180366    349987814    562241525
1342907    6355400    843496    103714851    89823845
778891    5783546    520318    94082770    77297346
1589747    911008    1398875    335441588    420554805
1308613    13018307    811670    153254605    116509026
1141232    9002650    799415    113008262    100683835
1671639    32868253    1082923    433715985    421580737
1562873    18814025    1190252    213231303    241448945
2823451    1420675    1824271    501497179    525652856
2596845    35663303    1168035    434754163    309909010
2009452    27115221    1012935    242864774    176953574
1981367    30629961    1090841    315901842    317367049
1285914    17260601    1086608    253389928    344801533
1536928    12745095    906629    185259114    180948726
2182600    7927649    1491970    395744667    563904212
1153281    18972439    1068575    248465858    211118550
1773806    20081590    1387784    200332083    180244616
1872214    20375666    1390774    312821980    184032938
2131655    508172    1455356    341281927    411492401
1083544    9085565    886177    164759416    182622831
1409641    654064    1041420    630746430    648799389
1528246    15884371    1065505    311126363    316874178
1054584    6909736    848257    119820523    105774071
1622587    333735    1160660    456680037    482906807
3148537    47464968    1697164    633078891    639194082
1717059    19978496    1131320    160463693    130022900
939408    5434479    614089    115158580    80199130
3004487    1388893    2087154    808888260    723363614
1465348    24406968    1078502    258128702    229459294
1142228    7454864    793085    142086431    116424807
1310563    6581917    1049682    144903856    123877917
2072710    10374247    1377851    182598215    147061248
1712924    22556479    1687328    260457935    311692148
1691190    18755504    1083327    405855794    298995094
1284991    816844    931668    594090389    757710330
1813390    996069    995469    299647456    305475618
1680226    541188    925216    261732699    253131888
1405949    12757370    1036105    261248539    231976895
1359040    9493811    1055435    133570687    140384715
2054383    19797531    1468526    282495596    328160466
3297860    34457    2327304    1370098159    1849685992
1520965    24746691    1151471    419389510    582863309
1958011    104185    1031428    338592996    243816249
1494467    17339803    1013006    204836935    175796264
2099767    1226542    1021556    233364825    208220698
1416765    5452075    773974    129047832    89089473
2376002    949510    1340344    365717157    275149424
1910423    10177382    1032986    145176865    132648007
2163223    45343    1349885    668163374    765640354
1315726    17805580    1232055    470003774    488216899
1609429    19819240    1037323    211450426    233935203
2127650    24925098    1314305    307493122    325007074
2173375    21240610    1615305    396182343    572973120
2259178    916957    1295185    341857099    256361442
1627656    12101500    770130    229722203    171023868
2366586    28873503    1481629    481406098    461815797
1868425    11372746    938475    151001262    124065403
1352533    13466361    839376    116231444    105718499
1805952    22295760    992477    343408118    193948731
1747810    468116    1255139    332826557    369945075
1423592    11053994    996996    189417053    192151507
1393908    19058055    770628    201719910    139036740
3833867    37047879    1792373    1090388227    852795495
1561519    12949380    909389    193297792    151948067
1533032    10611595    1005462    167143992    143485332
2290266    16777655    1540980    500402223    565888254
2036549    612991    1062341    635005202    492550648
1881709    1162611    1819750    491862102    788654894
1189165    8947706    848080    106675254    78760768
1284763    10821423    796745    107141072    72573057
1918705    1196123    1047112    288086710    304894506
2010685    439782    1219051    265871566    285876352
1325004    309661    1142808    303863774    451321818
1299223    8177703    945795    116683796    97904713
1518158    9829538    1057687    140514745    147622956
2093004    36125    1331928    678463435    921116800
1773102    156639    1529677    880894069    957509763
2670149    142204    1605565    567394046    586054921
1633477    11484466    920042    259076889    184302345
2289472    21622198    1379649    266784192    208352151
1971083    1253704    1130599    211051688    134726461
1329945    14609025    1118152    264443475    198320011
1638153    20471045    1333179    571327673    886190948
2074428    1361346    1443439    699792761    738463518
1112408    22756931    997647    287144247    390065854
1958705    13277769    1036852    230691147    147855037
1745730    12534491    1513326    371848896    561251476
1839334    17278000    934724    186040450    126674360
1844408    454126    1870911    292343345    281215767
1486072    19904593    1332708    156222123    187119866
1520560    7965415    976683    134860766    106511274
1903761    13046322    928095    194736089    130049759
1700091    29044    1197297    465218354    405668475
1657269    1268923    1123741    448322976    405623035
1851696    33253473    983713    367922841    221144837
1979266    183794    1397446    918296255    1182010298
1424207    5433002    644567    97698950    58181161
1905151    17935566    1227568    204478675    215795710
1687394    10471334    1028322    147174121    150121972
1731489    25626017    1081812    619512450    478485076
2146362    10634911    940049    160863347    99521221
1959429    11735729    1301361    238273398    131884701
1200759    17573569    1258576    203384246    330439694
1885693    858712    1367098    687817312    635390094
1741834    929347    1151317    203505911    230182073
2026267    32193882    1625624    340010147    253829553
1745027    13704111    962306    198646413    117776498
2714382    3245773    1693355    535830743    460990006
1912821    19223634    1275695    371494644    476891095
1890622    14745515    936846    162930677    120964432
1503761    14586598    749346    277575357    239657221
1754469    40789262    1744768    539249292    895830090
1786467    11361887    1148769    196198432    197979290
1219254    8868896    727366    156614080    106986908
1174538    10605377    1057941    157331051    216795156
1776101    48318    1355020    528641734    482165018
2348006    376793    1144725    314895497    209525983
1999397    16967900    1238813    244751056    199417199
1894793    24702272    1200111    321832691    251973282
2266028    27568013    1497499    296083888    284795186
1740672    155850    1101222    179738067    155289085
1602306    13626665    984700    162658746    121805013
1225771    11004398    835144    104900361    94348934
3040422    28583816    1501237    527037616    375503432
1042744    15917209    885272    144709626    117017406
1317748    12014679    854822    149196088    144376271
1842943    841266    1728848    594574369    968772542
2009563    64036135    2645043    1609099708    3076512459
153074    678871    1623303    51425772    706771159
2435242    8777072    807709    212354098    130105356
1752184    13274037    1159788    327770658    432925084
1919254    13435130    1004211    193720737    119673031
1696835    14164276    1181204    182545425    159219879
1513273    10958565    892686    218202126    207707401
1515143    2510207    1022724    461871023    699757148
1232463    20616992    1030290    481633756    571750571
1300631    537418    965947    361477567    373876167
1435453    8218404    780286    123563681    81007349
2017879    19121534    1306081    285256494    195656880
2400132    15834817    1199334    356284156    216042828
2054037    22785205    1164541    453297592    451045989
1685541    12876496    1144097    417235643    470963896
1816321    2693752    1258974    305301633    311374505
1505325    10586902    1099417    130119503    93467189
1646232    146725    1515896    712474210    964648550
1551579    12562364    729268    151457687    125349699
2497431    486716    1655094    664774713    736365460
1500722    6359871    810124    97460544    53041247
1590539    22022183    1035748    209226757    172272708
1505772    7804418    901887    171717934    132544752
1654374    17882868    1094633    207534089    214753571
1383957    8860396    876992    128085236    131310820
1489182    9890356    1137485    133526193    148242888
1615867    25790674    1135062    304892664    285772566
904151    5104363    543853    87486685    70133843
1849119    477124    1215143    292945395    321487285
1439330    48717    828320    611784613    610711932
1997229    15849200    1008526    298465651    178057227
1949342    21974854    1604015    406805063    381856449
2582870    49954    1712467    349638474    380944178
1567959    16145371    1105221    146232041    125320320
1713486    45344937    1312835    210393452    241640438
1532305    24030825    1221956    249058102    264741797
1944626    12032261    979916    154453869    86976622
2503510    1205987    1200359    255111605    178470326
2447376    972620    1360262    554517859    565312955
1816137    816768    1261457    343226467    302287534
2135067    1217919    1287059    469576421    423623923
1538635    18846896    1603965    215250531    310288363
2089557    163622    1231633    456135353    500672305
1985488    43180    1458448    469433228    499821079
1597554    594297    1116400    256963556    258444277
1974334    23936498    1242437    667117572    577582069
2070674    825596    1296852    547880059    627070655
1483409    17888205    967940    208261546    169833827
1876191    23801950    1348797    276850194    295130670
1763502    23404869    1014687    332025915    291664434
1748163    9656796    839152    236937363    197077784
1385275    16377587    1232913    271274757    365297966
1193791    22249585    1070507    356258279    338371953
1262968    10602561    839006    131152700    109487128
1778149    29244878    1343293    398889101    296877428
2619451    309862    1355488    324782613    315058406
2280330    19331847    1321838    219264007    200221996
1440821    10475672    814342    127270396    82736061
1771820    33907912    1751523    490910286    682143798
1340998    6970951    875726    123199865    104566691
1964995    11878752    918717    313563069    196682953
1479724    6702061    773040    133040197    88566607
1616432    14775485    1110187    190726665    149215848
1489065    17021894    976226    239289878    176349136
1833687    12916594    937949    172048905    113314651
1270506    6803047    781625    148576723    132579910
1447731    1150260    1164079    270926604    380417177
2679943    1243861    1486156    907625414    1015224019
1844031    12809763    903864    145994526    87352954
1892090    13564698    764316    168143136    89812953
1393594    39553027    1197924    468844988    603971655
1063759    10062551    687217    124909816    93023772
1296997    7740158    726383    101051795    66499354
2111752    9609544    1162627    178667417    176593267
1733837    16085596    1031863    218418729    154587251
1573884    305603    951502    247570842    205438023
894992    5313208    669157    83267299    53337093
1557846    1590935    840191    175795929    109539726
1968087    415209    1045979    336252874    285072027
2444056    863365    1476528    665295871    815491573
1202338    15460937    788972    153100633    203326281
3077548    1361171    1303368    958073609    644980220
1415187    7634632    874336    106315819    75351365
1891599    991771    1445764    850400677    829183815
1675452    7146686    829634    124530027    79198374
1783990    1018910    954817    313095681    225604079
2169856    1072600    1326454    370189582    285721365
2293586    10537612    1070608    282830355    155771967
2029711    56941569    1600267    1993137244    1727198928
3833417    3482836    1572986    740417915    590278142
1875127    12421647    1105368    231083140    223784966
1582409    9728308    873645    129288131    90810890
1500516    12700914    982304    131840081    131550853
2028922    19877938    1159126    226454501    200541515
1541074    495483    992007    288003217    239321899
2130630    9574689    925028    182609691    129908651
1255391    8497152    763987    167643931    137161453
1649490    636515    957226    184690324    206267796
2219144    894591    1072477    244938080    241876266
1477185    9500787    1006348    111938695    88806709
1241310    10451985    787504    177172407    136987873
1324087    15387874    896830    119284534    112681768
1031817    9202929    752287    121496019    96705568
2161942    20285773    1862267    265327258    353291802
1650290    16529636    1160633    133498184    116757051
1587634    7257731    677020    123625417    87968725
1857487    27169988    892974    194197183    144482665
1907329    9237870    842032    247933375    142156698
2115425    18021137    1398380    208747686    165852409
3908767    32594    2195273    3217639299    2268338445
1592836    3779478    1054373    475152575    371680922
1828125    9277154    1165170    252545905    197060429
1505347    17865379    1099059    224904371    230641905
1487669    16724782    1147655    286098013    289692960
2291756    31200    1316023    349586489    299580870
884332    2998464    727428    147545929    123926279
1935966    1167601    1819763    590039836    785343979
2319467    44132434    1749660    350967821    368079464
1620130    29533916    1315872    371040976    592449271
1074388    13477524    1037648    193841042    220031988
1533500    13202186    924866    183707229    188612194
2406194    1371961    1589422    1091766918    1605561407
2073592    1054565    1345989    330242183    318872095
1998338    51925    1269649    474945776    506640023
1974789    12173537    1262814    255202900    396160018
1328436    8652044    863983    110127841    90121772
1244401    891775    653584    133100216    98010582
1718817    1105767    1006858    328010760    248976040
1576907    1054533    948356    544801326    671159471
1677342    27668716    1164526    506554787    520053021
1742124    9134638    1092682    294779656    274375415
1277321    16446977    925129    284568338    292006086
1685510    10366078    1019227    133317714    75086099
2146773    4199513    1483860    497903470    693370178
1513495    12028684    1041686    273955812    282831870
942943    11548992    852488    121414303    126661512
1352634    6754929    880449    130354020    106044117
2039423    743805    1492828    534719336    520432216
1605892    12266684    1094265    228999523    164037799
2055151    1151251    1104638    423307717    311288764
1618812    409862    1170654    238476781    229003147
1848668    4149965    1076788    155019966    137446416
1440444    11065129    1049487    154731973    129885843
2186652    17610460    1033628    283286166    185216801
1657095    17943859    1653739    324161590    431138604
2495340    10336532    1297703    496941863    411609561
1703263    233719    1474125    495856595    689608266
1849414    10989137    970987    181328286    107613122
1416910    23883609    988261    187185111    175183943
2171052    1354614    1731045    298591778    358394583
2161885    667797    1380628    459813118    411699563
1441472    7893731    918675    152035822    115066369
1700839    12197435    920917    286943957    255164911
1771475    18027685    1113432    226198212    222708705
1620596    1422003    1432536    486495110    612512004
1502097    12198944    1063839    187215208    159377985
1339813    957915    978159    760892707    866532404
2077623    79581    1442744    1234807937    1436143359
1908735    831674    987632    510090356    383713556
1804883    8511345    1767323    414968449    609868265
2369428    55500063    1561515    669189707    872065195
1486265    404432    1242968    262705720    329399983
2221077    447248    1448889    612937709    771340774
1331307    27254315    1152926    332453062    385049280
1822604    664151    1358174    497892118    463448960
1649993    11360579    825349    164162485    110473009
2493877    46319246    1861850    718825389    799298983
1596837    15743707    1112201    187867118    182049354
1588423    1096119    1667177    748933664    1124158393
1114798    631800    823927    196881729    156670312
2295862    540811    1602455    597519913    430951928
1492275    15428457    909406    137460657    116744761
1717527    19823123    1033264    213414452    177580840
2011223    1357456    1161756    383794072    248733536
998554    8083717    657227    105603043    75825823
1398113    221514    813224    187532083    212204771
1550658    19349282    1131691    305138233    255549936
2160461    51775568    1402747    1043421332    411588870
2087404    18067518    1465792    319268160    248951544
2231478    25102658    1284672    383177331    288339114
1239237    12593201    800413    203708170    149157595
2003334    1055142    1082731    536177520    451810349
1282742    49988320    1107428    391142390    446896603
1630486    13250038    930124    203160475    157029317
1953831    745997    1074969    383754031    305142401
2032016    47511511    1358323    751068650    710632020
1695875    15229752    1021465    186697732    130396576
2288018    47171145    1261165    382475264    386146330
2498469    3092849    1994882    1348551447    1590488687
933492    18358808    804290    230730786    234872500
1374899    14326682    851904    271416876    217254717
3267750    1398864    2893917    2102577696    3573805167
1708888    23437116    1030554    302180491    373163399
2418267    597891    1619821    453153678    528966807
1513891    23335367    975107    458430707    217793379
1933211    50615    1082878    593227424    616976864
2199515    11196832    1311719    169981356    90835510
3219217    245897    2283300    1994555653    3440030758
1589963    24482033    1574241    219374044    336218057
1536445    19940972    886820    185284522    129235457
1729493    18225113    821575    152646989    83649040
1820451    22291603    1267727    264895728    242914394
2740837    5008061    2002557    717666267    707280084
1527137    10518856    887076    135378444    144406394
1977892    11374072    988296    214719919    191965534
1251359    13834844    904756    135168231    122401009
2400289    29809977    1159629    239952144    170269919
1863177    12747875    942350    284830956    194894540
1486521    13855848    1429860    168563823    187259126
1559924    14172127    1056330    304888995    312028287
1099053    8601261    826807    122810232    101351287
2666506    38715    2300967    1298009660    1485230010
1426311    6555848    877239    149205871    123819082
2012336    772492    1423334    528476454    639633493
2271102    1132515    1414521    1148552630    976872587
1961240    2748311    1338355    217156191    170685370
2021920    20591434    1171603    326986582    335439394
1393630    10379645    871934    143512018    114645114
1224285    17610688    841414    454912813    293184372
2366137    29385069    1556842    759471951    884270091
3659691    1106185    1698310    1321448788    1108505948
2384800    1231862    1225016    600368758    451690964
2873805    49151115    1956009    622754329    776324458
2375287    18083986    1380757    368826851    267340595
1394634    16807701    1198139    250583530    299680743
2701690    27554448    1471053    442961738    338893676
1300649    13681717    747962    150448325    115255553
1700927    14032000    1130195    170130054    136397317
1509876    12051808    1037083    158424124    145852242
1404572    35351    1212099    185312406    239921394
2811709    7218494    1781244    1886025427    1187619945
1708739    19022319    801365    313989322    231872628
2114105    19087772    1175348    332051458    155867122
2005434    24866637    1057274    277573639    215911881
2473072    797495    1321884    302049988    249152080
1643835    13912207    1005944    208512509    177325871
892705    5234230    616951    87127315    62798260
2543326    1439000    1824553    1126163490    973872414
1449859    1560868    1052406    437840160    433982839
1037959    15640135    698921    125119103    120697507
1538483    18366876    957894    216103175    195778691
1945636    19039952    908428    422431434    239646528
2495125    31141102    1319356    437266935    434417546
1707720    22512602    1172302    319285163    383048945
1844997    8766498    860435    182299557    131839945
2632955    319036    1554514    730519872    787031166
1931949    10966370    1014419    189869539    131084224
1288161    7006012    683463    213531219    168554570
2300008    11857055    2279223    520255346    773343245
2264519    8469582    1007746    150166567    66754500
111317    300638    99969    62171279    132317631
1981328    1107042    1415811    295907792    362640488
1796813    551255    1797063    380896495    606828265
1683690    20208335    1214086    363558763    284119725
1218822    15099612    977849    324559704    360112836
2205170    15943952    1227776    209899910    148743193
1218817    11460131    713027    194985563    148634910
1134515    14410792    702049    112589745    95266807
1502123    15882196    932375    190800940    138187682
1019477    316092    748047    217114060    158633669
1950077    18582506    1212248    531387237    393857090
1956984    43200587    1468416    905944067    596803219
1144235    435073    798141    218094065    177006939
2080781    18689177    1285536    231621686    239496857
2522347    52893    1379335    788497371    573421246
955270    11150866    753959    139525066    168091394
2276558    1045325    1351105    496217919    534171907
1362847    11123270    1187384    137079384    141031486
1940243    21899541    1141701    278937338    153524523
2110588    27204805    1237939    277754985    165561726
1155519    14517092    1054076    399126966    411715295
2422304    23903565    1392406    302720141    258586482
1386754    19489580    777353    221848357    177068643
1910282    22518027    1171809    246154170    153806909
1784196    19868048    1103256    461451179    316830177
1956265    14441896    1441625    277819738    236149806
1443951    9953579    1272731    148613815    135387638
1541843    7888393    865074    163381667    114586437
2012868    1460391    1328494    872455125    755173698
2168161    15933853    1502019    268708029    242550246
1885723    17758458    1234520    240825458    283580976
2063869    1698066    1361000    604536647    549282712
1926917    1637745    1094079    462544698    506228185
3040380    170111    1909282    1017218104    1196175374
1437078    8622033    750097    149202991    100491310
1686329    1166518    1311215    317808332    248307833
1888455    26707741    1588200    389223549    479866091
2314565    19702510    1124630    331275885    389311473
1295199    1138303    1287621    314514418    333111483
989203    11860844    756377    169235160    163934830
2975314    37483    1562516    829109564    648130915
1887230    18080735    1277576    233401197    212791407
1489128    12869453    858748    223994012    185144057
2118616    327030    1699524    823474407    1138685879
1374114    26402470    1201896    300144369    324460719
1866869    324331    1645994    355547712    516018178
1361175    12138552    932366    191587084    171547731
1871668    12092718    1136427    227628018    169359499
1273244    21338269    1529101    685283273    950692958
1952147    38500521    1665484    703665966    1046917774
1669350    15302425    993960    198054501    205114047
2002594    1074336    1256559    383845477    322715627
810926    4177025    452578    85995521    50033052
2062582    22223627    1216187    265197791    202082523
2209186    17671198    1437102    303996942    190644260
1171658    1121860    1056697    161849675    153756807
1974017    16937083    890606    242393256    163033078
938068    6799509    678348    185743024    140150963
1480241    656957    1036562    405559638    384789351
2346300    56933259    1325860    401092162    315422341
1755585    11711403    799183    165094741    133282987
1611543    18285741    1203208    791370974    557932305
1378620    18407808    1281129    204231535    326605002
1277233    12423693    933889    213504304    129211310
1143911    22464642    798618    286657605    279770209
2164193    265904    1347605    336223698    291261682
2698298    19865535    1639462    288897114    326131530
1663215    2497156    1380014    211038164    209711512
1972235    1379169    1366950    583664822    544015628
2173162    1451141    1473568    493968883    536871875
2448157    3024164    2196792    2105291288    2638736367
2377414    38640815    1399650    593752947    415693009
1021520    5844655    572488    76836752    47649074
1615510    474500    1215055    276351730    261408049
2277557    31985214    1615493    297607611    292826952
2562540    4270272    1572972    465952586    506078900
2548465    1193990    1605328    619516155    825413150
2397920    17332498    1318800    244198437    189657896
1068185    5524502    707211    78006665    65100697
2319162    24492864    1548990    418156981    394601104
3498147    4227051    2281563    969680106    1048915509
1467209    10044509    852123    187815257    105889052
1642206    379295    1195146    357439757    337538389
1818328    17886695    1118524    212957193    150487849
1568446    7637021    825398    135712215    81729627
1510107    6024884    995793    392068377    703659680
1729674    1976775    1017134    476236174    453956726
1696831    12960892    1090961    270115602    121954019
1797789    22838587    1308556    217376925    239509245
1570746    7999773    804018    172582959    89058076
1630633    13911349    1043942    173428658    125270843
1708233    8102229    1151181    170639861    129598471
2338185    35575    2051501    1850952124    2735402989
2371561    28509325    1373683    483758235    509974820
1244311    9308814    881831    137870415    128459517
1427759    15341826    1162831    197060169    170063750
1802082    35697820    1262613    242009614    243008316
1909597    17118488    1196904    342607637    441312953
1613144    18778061    1501172    509788612    614283784
1938308    22306896    1140694    339866388    289589186
1463067    17200434    1008797    385893533    254756191
1646623    23207056    996748    253173966    232762236
1193874    4460867    649698    82318846    59669449
2147877    38085993    1502715    403542936    316966395
2027238    13187366    1397195    249515161    184921481
1255325    22343988    1252433    197484260    251626386
2537382    1464257    1489759    826778764    634955715
2244566    17285136    984459    210849862    127917082
1619735    1529184    1301428    469773374    844162062
2094068    20734970    1300791    429994801    468754099
2017711    239594    1219776    257342775    216971614
2139270    9964896    1106852    188844374    155062517
1121776    12453697    845705    102370328    93822781
1560524    12564917    950380    222227156    196624466
1607543    15636838    1055397    359758963    343846489
2184438    43777255    1681407    662860714    788567480
2737976    43810    1746211    830385955    811348710
1691393    598442    1218631    416371258    616604170
2353073    34073044    1383249    380216200    260622257
2337108    24473387    1236063    267511466    189130856
2367980    27445933    1236809    397022810    234036413
1096778    11144438    1165779    116165715    167447897
1468925    419375    975977    265381051    256105836
2109889    42391673    1212508    451484624    316687080
2158750    63516842    1581943    531128518    659548510
2324720    28734626    1692409    1198193313    1467400922
1784681    174974    1048479    310537397    240261689
2210976    38229298    1416709    727716113    829797665
1344693    8089041    684346    95857170    64655779
2230654    44424    1260824    626999849    750243521
1781537    357763    1513159    904686493    911410881
2195581    2179878    1027480    417603598    397216007
2628402    372295    1788523    533677722    606907097
1961183    10505109    1210060    191245109    132970052
2211107    2911994    1334543    493657693    425530368
1320489    274578    689559    192933292    123349183
1141567    16909332    1191143    459484441    537011539
1707716    27724505    1405645    331438900    479321668
2890014    45954018    1499255    444097041    443656124
1257146    9189287    728659    105082401    76313994
1926827    705089    1707882    514597668    661722906
1843237    2027670    1652057    538740189    748017714
2156283    42727614    1213800    399501046    339560354
1818713    8057304    642067    288714342    162932749
1962965    54485552    1045330    557065789    356957974
2071213    17995485    1465204    218686200    243836237
1447230    19551207    1020861    218594226    204257054
1696833    10476561    954958    171752543    83426424
1582716    23441399    919274    255398035    240064940
1678901    17425330    1057315    264404241    237932457
1611839    8190672    934783    183182498    115668390
1714605    18247153    951668    267096876    247430895
2061028    17102230    1226878    302711892    296011026
1764033    25014109    1103416    514777410    383546149
1831302    8000959    913784    178922608    102110903
1526358    19500021    1102016    264364265    257175340
1058246    506655    757418    305681799    275552152
2363584    14848957    1386940    213542947    164458593
1493421    27272190    1133934    443524660    363985689
1028701    1134790    1059339    278676919    363734479
2319509    11390807    1112534    312266422    190742249
1201283    751044    851787    266981108    293363581
1999907    804414    1411693    542481946    884428528
2163760    707129    1583102    553111015    583396769
1119822    15594166    918970    218631741    244549429
1945328    177041    1732410    742515868    1022499510
1913830    177441    1012723    435464444    281464556
1539024    15764393    918262    151056955    114556725
1883599    10544886    1122976    184037675    126425032
1856959    20052031    1155946    261963296    291735510
1730915    17072559    1216061    238105462    226008383
1657787    19844561    1294317    528730033    658095404
1974481    19187777    1455261    307611989    371698569
1790578    738371    897343    313813893    233506413
1653633    3462352    779427    191103695    110417200
1230317    9501035    895084    122443212    137085126
997375    5914787    660535    142336574    86149842
1655057    15526435    1089746    249572929    284414288
2706154    26949477    1775902    492789667    507044664
1858293    31465979    1051633    374559985    362907009
1988940    18863996    1049162    249221921    215592612
2202655    29619525    1043189    215571513    161261640
1646821    238396    911611    266890414    245531232
1727782    11874529    1073987    251758591    187078321
2318915    262476    1425505    488418407    410310621
1979328    30945018    1786854    335186236    411228606
1927139    9493030    1184605    290043031    225803529
2055093    16841290    1261130    272035369    197982815
2044796    14256464    1681029    769802634    1036994982
962631    3537463    536456    83004080    40425834
1786771    442203    790588    318345987    182002006
1281207    9899359    977346    144417007    127261743
1589462    20617349    1237993    305004485    328363775
1515187    641551    1137226    510291052    485485831
1306295    26331336    989916    275226701    287707122
1862437    488514    1262229    621509182    703584086
3404049    108934    1680336    1191319130    975751511
2545162    30893644    1237475    754140951    473983521
1823680    28057826    1158421    295280949    335387144
1863480    14336108    1446407    199109112    200559461
1918209    408344    1058307    357833029    244780961
1657658    26138944    1099379    451580928    383371411
1571999    44070    1003148    814560901    728676123
2015556    18761821    1288427    641946623    374707218
1966236    7580884    1034128    156740893    109389559
1039202    486068    669760    147944805    106442882
1642483    44902    1068712    263364255    231423316
1975425    707369    1444855    774511070    657085148
1152505    8337356    546671    110415354    84490462
1406350    8943542    949789    120020668    98436159
1096749    10218415    825600    195251368    192604090
1844070    9831044    1136948    149873417    117091434
1432404    16308923    1126924    151796849    161400187
4112690    2705411    1949229    1053818877    798307961
2083802    21679181    923626    227497997    144321458
1870163    13286023    963640    179982493    93643098
2266869    42003130    1699727    658684908    745438388
1596195    25162325    1102844    552192188    515646596
1930069    36059    1143007    325199563    240549085
2241904    11476007    1096674    296774407    230926702
2049363    703368    1209617    287330817    203218472
1679896    8579640    682931    201760432    117121455
1131361    8834680    976534    128291085    155339383
1622053    11706026    1234252    587745752    548029183
2303129    607074    1460436    649744227    870041063
1293641    10974292    772001    256183554    149839818
1076495    6192860    712537    98194616    65159460
1607640    30894333    1091775    566491056    562022672
507654    2379050    451360    78377817    70479233
1393595    5906190    792919    112306204    72170267
3671127    2232388    2170746    1815685894    1827491772
1584784    9210072    1306427    168426301    187764998
1866795    8595939    1278205    328063842    334721414
2422712    28889    1394522    380452039    388948268
1686791    17447226    1141333    183545851    181196043
2041444    20449060    1521701    519428010    627975811
1797662    14950455    1152270    390006146    460893615
1390805    10777231    739455    163997772    105491931
1538486    16252726    917481    220788214    283242339
1660844    9560928    1244855    144416927    114498165
1383442    9288144    920337    177448535    147808637
1318078    12092103    748590    175890060    125933659
1621047    9820953    960726    190681994    100883327
1692044    11971401    1148588    131417553    111481572
1503869    21396427    984096    217801343    183543515
1931172    33529    1719589    1425940773    1922169273
1710194    7123633    780593    110091842    58558800
1568200    9477532    880828    169120387    130529218
1693356    38079    1167380    579976817    547240818
1505508    9843197    842398    127349614    102145849
1491687    10219008    847230    249861077    253739922
1676013    20506004    895965    247303189    161163569
1520362    15810250    885829    257056405    203650113
2017329    4406122    1279250    344096504    347904192
1602018    8002395    856501    160918372    104853403
2114489    1927321    845239    348804163    188637104
1975053    23866442    1467290    369869608    436520006
1274843    6326937    912602    120015212    78753204
1723598    629988    1179904    248152972    244578247
1702909    17191361    1368878    203248714    268688267
1790969    937623    1183476    259690357    233457248
3072987    44614    1834548    734910725    1122948193
1822037    21771874    1071325    181196334    150212332
2856031    3531841    1621581    435391395    371858429
1597379    16300874    1479974    305896765    500938661
1328468    4813210    816605    139097951    112202718
1609820    17115442    986448    147540882    130498244
2194974    791735    1384620    367930423    409042311
2500487    675634    1536430    914672847    827040454
1519856    766915    981862    281085053    223970790
1871360    37435    1625118    551142667    688431557
1619515    689109    1412827    227339808    207939923
1755881    13447872    1243934    186330014    141226630
1754674    12511147    1201181    201246291    181967997
1260064    32936914    1021802    291977051    324762267
2111909    26057723    1138411    325885360    291181371
1701018    962904    964074    423852889    434083348
1373549    4801254    741225    82923965    46699218
1317535    19096155    1006464    190233751    159428952
1839823    31978130    1430320    523529321    515845624
1442702    908959    1284140    474260162    672948936
1939055    74056    1327776    431018042    432910831
1257816    3872418    621226    85982585    33278302
1726145    34905    1100856    436824424    399880168
2162444    7254580    1611620    482151304    624828308
1801914    16600843    1137909    328003467    206989847
1211807    213526    658310    295423991    177464833
1911445    14657222    1488343    263133682    364088302
2115708    22264733    1254736    348650394    195071800
2106549    14097048    1005342    209600820    145715732
1268000    13320689    943617    224176819    210043514
1488095    23922163    1037033    320822089    288628266
1310281    6713898    730990    137700752    96452365
2442403    774308    1089188    557563284    347957562
1237476    12628447    951123    94356770    82999049
2935461    1407437    1747454    911607258    708457063
2438789    16928862    1515959    269857099    224058546
1998096    16914475    1311749    184374694    195111402
1837030    17358919    1138913    175252622    175111392
1480127    12746126    916335    184021550    148495627
1780749    8868170    954369    148416731    104721161
3021280    36643    2076876    793685949    947271862
3611495    2719669    1749546    1075798864    985873498
2142662    12739387    1032955    186152072    118008589
1303565    9810377    1019592    126413953    109301008
1888780    46204422    1187241    394463289    322419366
1061923    9036748    632377    116983643    57693076
2030545    18605972    1109801    201473806    168421390
1141425    8811252    791664    156932571    95707232
1173523    11247700    692035    144200370    115697960
2292635    19732463    1160059    426076089    413203404
1397633    16443267    965153    184823035    186338397
1474450    17525980    1037338    257251602    222453381
1394222    9731336    965636    216986924    221888379
1965216    664042    1224743    526999894    656531375
2351737    235474    1283479    600455128    398043374
1909003    20196788    1182617    211665810    151378369
1486205    9790064    931743    287536194    264448362
1703184    10625057    1235722    190761645    84589865
1953131    26054322    1431278    330397883    416632232
1092132    11811210    790482    135231302    108569892
1960378    16745170    1325593    423905744    348522250
1673175    181185    1008467    293049691    258174679
1329604    10714312    1105349    133919485    133446160
3231312    11517355    2039680    1070804404    1115432032
1462950    12049376    937467    208005958    212242561
1318869    14480763    1025666    149609721    164495401
1688602    9056751    1181913    160036238    172126947
2157390    24062884    1527926    468928678    543252093
1753072    33553633    1273414    699062448    684891913
2218085    207943    1742093    530088981    755568014
1316595    16444053    820125    131974478    100961476
972108    3004362    510908    67244496    41772285
1872660    18620745    1187026    436764795    383853223
1637902    10679721    959702    147573133    97811315
2526692    21004309    1830116    788576205    841297252
1760426    27256543    1245357    307028613    315877592
1424242    12702411    1035157    196951589    197994664
3482319    440117    1531046    1561344960    1443525086
1345501    32477851    1074006    267797430    302116198
2230951    31492654    1676358    356013006    298821046
1759122    13678620    1132776    171469217    168771764
2260795    1341192    1567431    746644779    1217658493
1720587    11415305    1147614    170778793    130964448
1294076    7134539    1111813    111961473    135291216
1337924    10985178    881113    134634986    106841506
1664555    11666249    807424    240606937    141208885
1613051    13432468    1121284    225130723    323681997
1950485    19209998    1009339    292758611    236954005
1513077    29253903    1237819    297325736    266960859
2061523    29145551    1313790    464123700    418370565
1669855    793918    1036484    457491642    386929799
1708900    35148577    1554884    490494373    1127633355
1538997    15421463    1147660    216215941    203706939
1052856    7749454    665958    249044404    232588060
1269365    12795524    1133396    343864238    472101033
2714280    1207095    1362543    403152239    372333462
1336194    10667306    683190    158874401    92051987
2122537    426389    1369842    769638185    697534129
2039165    1368082    1171098    340099975    259313655
1661068    25805933    1098520    259637434    290684526
1990076    478997    1082445    296351229    213476359
1456978    9917903    791614    131492707    107227372
1237002    8174935    825977    129009550    101771425
2019400    369954    1234263    550314124    509875083
1471633    16401948    1160717    159313601    152244161
1983567    578315    1033416    239508229    245321010
1920125    21536383    1359295    239943997    250643603

