New MrsP    Original MrsP    MSRP    FIFONP-JAVA    FIFOP-JAVA    FIFONP-C    FIFOP-C
17257354    291919    325404    13327482    6809263    4354728242    1635526820
4557496    34693    39760    1091312    513115    129713334    200905455
965453    9508    10492    200672    133968    227215715    511759989
3106636    333868    279114    6980112    3953641    1019721308    1174327053
358301    91853    94553    15652943    10613298    3524207925    3487290318
1365770    134427    137138    9526138    6331721    1802382404    1416181338
2570040    14132    15972    326394    288603    201849494    489491560
2674920    12402    14434    3845915    2241960    596011392    860113256
41974    437066    480533    9334012    5659539    1475395911    1634594534
6064840    392928    367501    13301844    8312218    4636829691    2508164173
53182    365044    460077    10049920    6372065    1172386158    1003612706
2606047    115210    132075    8166347    6391679    1075657799    1325209352
94214821    209222    301098    8878683    4787948    929049793    986412946
4726081    31796    34869    813278    443729    121010053    196785979
17150191    251424    206378    6473145    4410555    574208132    489346918
925909    302957    338497    15995823    8504472    2457695762    2236037712
6067117    79452    88234    12175037    7776184    1605945863    1445618393
6287147    85170    99863    14891091    4673613    2587798739    2491320342
230238    4964    5067    702402    312097    196032616    246890481
5655287    181133    196870    6920455    5346395    1949164961    2389629671
2820229    431539    509684    10513215    8983853    2331251978    1642227229
8787292    512995    592451    12705309    5281492    1364057878    774067806
1318609    43906    46854    1253271    710930    201070840    484390302
424238    101132    100568    11471814    8978503    3514739063    5598069209
150894711    484631    501940    11693966    8183794    1526389269    1694561480
1895792    21577    23029    481111    314480    153572963    301740555
9343776    267478    314109    10569136    6122891    1483491622    1425908947
164934    4565    16980    148203    116414    213969177    482760386
39307    9599    10423    224113    1832147    262991189    2219691559
117249    157778    177200    12013632    8945455    2667256855    3526130012
1558809    522338    556742    6283810    3431764    1199127632    971688743
5612489    361673    536087    10367077    5582821    1212693197    1328038687
2767534    123392    155737    10552917    7766342    2792551791    3425947760
1826002    342178    478070    9101365    5858225    1323408472    1108560930
792101    33543    23966    594561    352964    192846554    384623280
1145909    132453    139620    15154329    9028228    3000156007    3377508307
3900247    28898    30209    865074    590423    206790580    368923010
998598    446458    593768    10502677    5467704    1682598377    1450553820
98891    432509    451940    9553072    8455494    1968947860    2817515936
514896    22196    11157    203854    3460718    210238010    2090105299
4458494    124502    127590    7666079    6030914    1923868769    1551567120
3657558    18127    20813    475267    283504    249630592    538116834
6892402    163201    175661    12069110    10619000    3085134377    5426815497
79137    4171    5104    28377    17334    253554342    847218243
1133078    207594    245113    9855939    7958746    3369536602    5397468375
139488    43304    30103    490511    528956    280886901    545811653
59381576    169311    201438    5394804    4356602    501655754    465574947
1467830    143233    150596    9480760    7581347    1966574499    2059036232
3922768    194285    214778    13382621    6336498    1585602408    1125050718
3632055    21840    24554    777644    404924    171213502    248897406
795972    6987    6919    101342    100490    124950159    241484181
1072999    521195    524817    15855096    9760848    3366683996    3713067921
4369179    31207    36483    1597586    723790    159161745    277826905
152027    4774    5079    45444    20585    165106760    255689635
3745115    274004    314825    9614833    6153417    1515214754    1465183417
3065591    64480    72528    8857969    4594852    1221946607    786069972
89027205    252236    324914    7529280    4876721    1137387540    1095490066
6844140    352092    494586    10713768    5522272    2673011552    1479620839
4328832    240465    267548    12679508    6076650    1908306966    1550655743
50607452    356744    379210    6868843    4233597    561789494    519741235
628054    110160    152859    10322040    6887668    1839998392    2355935132
155360    505092    624936    12532932    6203604    1642821478    1188682797
5954286    35312    40121    1020563    654418    138431220    268942301
2404428    794704    877667    13159262    7501401    1897745935    1635756941
151701    4410    5627    46185    23495    248786324    545964127
1679426    236392    270755    7082194    3516274    861750711    693924180
895585    24531    24693    748157    419957    357426331    594462623
1012561    9361    12036    269326    8063500    184769791    5488648446
1946460    27558    28486    10805380    7671181    2973153814    4073772642
123292    189195    263146    12476858    9402484    2928060642    4834517862
1613224    12080    14308    922007    764825    254296429    455319581
2083599    675366    741044    7057015    5433934    1003608126    1095458260
1371451    10409    11468    371916    5944248    161032530    1844740767
52158248    201856    265762    6621744    3840222    650697482    416603839
3285560    63674    79918    1685425    1058107    238752099    312544093
4348809    44212    49346    3060057    1647941    549868082    949765218
512190    53807    59507    15317636    1915686    2667835384    1167419490
120019    163385    146899    10214595    6463505    3540461684    2624402161
23476347    374480    375408    9396222    5860918    945193333    713760522
2558059    301485    233923    11751580    7265045    4726568499    5315917425
99073    238605    287232    10554118    7090036    1684397263    2014111657
2660438    22710    25921    537847    385332    188755233    297324221
264017    163756    226744    7814565    5842871    1737922526    1637351488
2940854    38840    41312    1301282    773706    307000485    557717130
49777560    199382    212935    6758585    5029036    679510439    614922028
478670    22030    23198    12173905    10356405    3876688222    4361601615
668741    36779    38518    1076668    676195    434249685    508194500
4950472    41284    46872    1253271    590552    141052152    163622577
6315090    299067    391637    8343406    6689246    963332796    1297552386
2703772    601966    607221    9726331    8191282    1110117057    1323205870
103514    18224    20920    567747    291828    305408282    449518982
859837    76292    96846    6629982    5114661    1220847338    1450967720
1010253    18239    20081    496066    322506    195576258    333756932
2293430    43861    44700    1323273    813865    251861458    548954004
157355    4441    5161    39502    22271    167123594    247261830
3621845    108607    67342    10292021    6344491    1908936639    2613199324
4009561    15487    17588    11884157    6723408    2063663461    1532990569
2384821    99874    149698    9521322    6117794    1195528575    1654439089
223661    53072    99815    9515409    1782876    1807340161    874479185
41007    3913    5731    792092    443135    181984780    346144346
2878147    324252    299993    12753923    7804231    2601785571    2327160380
71808275    216687    226506    6441080    4940595    557820196    544705845
4818423    56745    92776    13084100    9392107    2699913440    3185667994
152461    4533    5713    47280    24402    271417070    453690354
1169645    54051    14957    9827806    6896394    2532333895    2564589419
40754    388960    449245    14958244    7480979    2722095846    2256885802
3246440    179250    248416    12617953    7060015    2732124640    2888169651
4318989    64033    72425    3863076    1135911    622224261    345716233
1950758    163404    215626    9209101    4832421    1726787641    1653381084
115844    4220    5060    61237    25346    321270395    555420022
8306103    580483    704779    10525634    7915856    1340199588    1571851223
1834461    13544    14929    407849    9464708    263077018    6565496902
1020527    7076    8502    145311    13055640    312302760    14721979435
2737148    138219    113574    9074794    6257343    1398677026    1940452710
87949    149546    94601    4207104    2426747    656761385    1249691193
161953    19424    20642    715706    812681    218588745    480109760
2863412    44390    49262    1378250    7037426    175107156    1623991543
4845955    329312    381354    9365548    6058872    1400816801    1614594448
2427995    103729    154980    12847192    8156452    2326063945    2113324625
2889307    484945    664661    12704895    6990424    1734119315    1692525707
80986745    286888    314672    9009982    5058661    905656274    882259556
1118460    26119    30926    898634    436836    165925933    375512442
539945    12591    14969    361615    214252    209808409    489794609
1091226    66582    71711    13516627    8829041    2393188152    2591851859
5503099    680879    768490    12622426    6409503    1362250690    1054111398
184507    11248    8099    10345857    6933621    2992395438    4377992528
119758    10091    11351    380213    155972    374095780    702227594
1522786    18998    21891    15993978    8903901    4038685496    3607703014
3098244    17434    18858    475028    297455    151135830    313722842
93608    689909    867980    11217088    6299909    1339874483    1354645856
11708190    252862    297026    9195004    7024168    1168953349    1528306023
131104    4960    5943    71287    24241    172596132    272515056
1733864    94839    125791    12044389    7046978    2173889751    3278192514
2838438    25612    28186    814552    506295    263299857    586446830
1025844    9319    10367    667527    448595    263164542    558715762
3255105    713673    785756    10989786    9319275    3257450701    4862181380
1280485    24147    28670    688939    8641743    163254731    3351846342
2235653    177821    268118    9287305    6141071    1108212411    1265193421
311019    9858    11901    260183    177027    176398878    412764215
8732469    483000    463016    7813065    5687722    1108851804    1005597115
3277550    82845    90489    2752576    1675958    452803362    851070009
2576044    19919    22107    941673    754036    166169284    338897017
554341    155446    219612    13411109    5519888    1431857663    800919336
993293    267221    332811    12078728    8363041    2961196061    2959763340
901079    569508    627182    12038429    10108502    1704490586    1859214349
1589149    221520    262769    12113872    5520081    1734754679    867784136
3063469    37943    42166    1328076    6815481    179628929    1876741168
4427581    703744    784553    9132504    7114104    1269707962    1564442561
3645584    240636    276007    9186334    5885309    985580049    878975061
2992042    61507    111567    13576159    11407254    5952750857    9729541896
21644335    220762    253203    9413880    4816314    1120600354    972658977
145611    4795    5411    47975    25219    214483221    378222669
164015    21138    23679    747549    595323    220864561    303218354
4966597    33465    72687    1258578    795017    237535353    450851424
3688278    330008    430404    9815241    4642042    1068377455    764094799
6406112    199055    233050    15647173    8573418    3088580687    2765096055
89922    4197    4765    25200    19411    275406561    503578892
449960    110307    169852    11414674    6555175    3546669707    4034497325
1951918    197757    228354    8905853    5100953    1668358229    1509947112
2324976    303347    376328    11235819    7635149    4066276986    4519683652
490091    6588    8577    956342    498575    234664289    366321051
810338    11599    14092    235763    208885    198516251    496136423
2798823    131046    179595    6005071    4066505    1419888684    1301191943
555632    358697    475143    8772017    5738873    823313562    825076740
2601144    24052    27513    677895    8972936    181697568    5669656920
1668339    9677    10783    336843    213874    255510304    618919191
1268625    133352    151199    9295062    5424446    1594817968    2023903638
2239164    15207    17010    469282    314257    214557650    413743951
44541    14224    16901    439919    10870402    264649681    6172923722
148177    682900    696746    9081187    6963419    1886695508    2495819599
749855    49940    106924    1060664    752645    237597170    398631390
1917917    18460    21260    8646045    6045169    1478574286    1265248869
2923253    151339    202808    9271535    7339943    2127523420    3620475618
709872    123641    138814    14657084    8605376    2300421563    2005000269
1660004    88025    97316    12362600    6640947    1895510180    1659215216
2471696    69800    81806    2849918    1409579    614298343    715122657
210751    4791    5166    50227    29104    148222489    233153034
829018    6717    7595    107348    7327382    130502258    1666190355
2736737    431767    526170    11195560    7621718    2590365740    4618200026
4040284    24959    29877    10517875    8553479    2084037993    3224203362
5500488    391089    361445    7510210    4411233    936649377    653385158
394662    6544    8866    138794    68531    220419184    470149206
6257570    40059    42915    891757    6307473    148413082    2822685808
4563457    24934    26111    946800    633808    399200195    829033394
503769    125158    16829    9636568    7815249    2224423865    3579573786
97479    281895    395987    9900155    5413286    1043559238    865738383
558751    6983    8499    123642    105866    159730909    294959815
181686    4584    5319    61521    30430    409723709    876967630
98037    37508    37413    1286631    857790    357447087    647807689
3723610    24349    26441    744756    385238    185834054    303119330
551582    65247    32497    861148    7964336    251924772    3495479397
1067933    26199    26942    827052    11031797    189752977    3561854063
10662175    277175    244709    14151659    10257015    4752608661    6188961249
1195103    19076    21023    571428    324591    257378657    530163482
134100    39332    44087    1355625    719007    247650513    360881733
199513    49524    52506    3714182    855967    776028319    804875916
3347499    76166    49465    1285049    744197    187599162    295585309
7198805    40478    72239    2538377    1576562    307592912    391661284
57595    173369    153634    10313793    10264023    3523494711    6835412852
46627    3959    4832    23385    8052589    186187522    3485611261
1461114    13198    14722    395708    200537    162505423    271182452
8397759    429918    496349    12042614    9061118    1228497523    1528621594
68926137    273148    263074    10471056    5665943    1042907631    988227811
10532166    472483    469024    8855511    7062823    1045145764    1262231106
16001231    357460    446717    12509550    8114489    2016238234    1802800638
2440822    13020    14057    328868    183914    327874916    364165016
94198353    264007    293694    9539241    7213585    935739526    923067838
4738668    385953    448335    7229476    4871699    1067235007    938393226
75105251    338673    453496    8843759    4826409    1283325388    1315551456
817299    1450790    1716683    10051734    5816940    1485233667    918408124
151519    146906    117763    9949476    7823092    2765569226    2952753794
95634    98866    111805    8529596    5633555    1519945301    1835733495
4746725    41457    45593    1035324    597434    111809706    203361898
4267054    290197    355601    8929089    6522989    1785174255    1885487323
3546118    42605    47840    1337059    727361    236321911    515837806
619365    7401    7836    109871    89255    180596237    341496860
158584    4742    5175    54564    28855    157485606    251154961
787510    423992    540887    10311507    6742537    1293179457    1427962131
8617646    349505    365362    10056859    8371570    1490166527    1857223519
2501542    184121    165808    11092833    9907337    2193801717    2856335166
476128    86132    105031    2732962    1651573    550012506    587221246
108577    13723    15079    2390893    272103    701268703    346511261
581020    6752    9065    130788    73205    140743890    179963090
433117    6971    7850    122184    84766    320746710    830498091
3110071    317456    389149    8660404    6437401    1111966263    1312357580
3299314    153992    175846    11147547    6577251    2028951056    1987668429
392291    81910    89206    9111382    6417572    1175432345    1251146424
694364    22582    23086    496030    6137249    153807281    2000973572
98597    4595    5466    9913496    6073783    1514539264    2023525911
614657    9705    12607    9388597    6331714    1840668256    2217493849
1186784    219695    228646    11117578    7946894    1362355566    1569800286
4317812    134558    194726    8137494    6350568    1267097904    1446622468
6217227    330006    426108    6582986    6337706    1381415759    1996873476
149984    5126    6157    12165518    841852    3666947196    1310947235
2189283    59867    62429    14234475    7495854    3058609465    2447861672
7917358    252254    208183    10597281    6731069    1428980775    1453182320
1893692    142791    158383    3984272    2289442    554265436    807599601
8085137    37491    42550    1405504    838505    184049527    211251289
113354176    303144    272865    8682797    6551538    1015304680    993140886
9841394    411100    418461    12567758    8111191    2615865526    2696690289
3070501    156966    228971    9571305    5900705    1451405982    1230630846
66534388    385557    499059    9009244    5415219    1050526842    1071155295
728538    171814    167513    13193224    7980631    3384595811    4019614906
6337566    30683    34469    1036413    525433    247771917    425284888
6745851    269649    280628    12479547    6320214    1737544603    1519502503
4247400    283637    317743    5795039    4548496    885783507    852211554
14421029    339687    344153    10177973    5738837    1147639925    896555091
8500720    79385    94594    12998233    8149366    2577111114    2350427614
1437722    14797    15222    10526059    926898    1792759002    479679287
3275243    422479    542284    8594044    5245779    1055323470    912302617
893052    303253    285425    7171811    6264535    937322276    1006228868
3938106    24883    26566    627258    456469    246279376    662354366
3041949    46963    24956    621558    335770    185198301    469525591
1264355    33736    38316    10285386    5148941    2093697403    1387129792
2096740    22386    23553    1000243    622207    256161615    467871467
779922    102053    159210    13882643    10940917    4588133797    8969642833
3414562    34925    68629    789595    423172    102208643    159318122
61318179    249506    312197    6375270    3762528    552148368    385705153
3388978    227651    282487    8860132    6376622    1114137041    1284794060
5377075    307910    364483    8522307    6426903    1148579849    1343946316
564168    8574    9445    8198049    5700452    1134078226    1269714907
6539376    30549    32054    827086    702892    120521290    237727878
6165923    312283    326873    9838345    8044246    1079742117    829914889
1253538    10307    11362    292633    235780    354472957    551055495
715317    334837    323827    9951543    5251335    2327862825    1894320211
715119    12286    13812    295878    184993    144343043    294970287
1289132    25598    29179    678250    440842    189622476    649034226
85356    45244    50067    1472996    827970    211562643    560026515
748519    349730    441345    13929006    7749982    2117350071    1885045768
3020116    333314    360255    7352377    4614230    958932280    941511213
841643    585564    596665    9384445    6448775    1239119218    1192256561
681046    35896    41890    1024179    622482    407061255    1068602639
502362    6957    7375    75733    54627    115886334    228201771
6031193    400073    446972    9942621    7244917    1019719875    1469941519
1260248    28371    30449    967280    588595    184450575    378357657
122252    28189    44364    901323    484548    181739534    337857418
413088    219759    190874    12876967    7953771    3094267344    4097968504
809322    239229    308054    10017887    6402205    2312814150    1823832045
191383    4900    5986    66501    28147    259427160    388234423
102330    4252    5686    41116    20912    188576013    385893009
780800    1178138    1330726    15538239    8098580    1970234675    1852917503
2763319    442223    566442    11120124    7984287    1574002130    2127693270
2218643    55975    60072    10240483    6194516    1527579971    1205467142
62276718    334278    330570    7789580    4912238    746498466    576467070
169659    5071    4865    47385    27922    365011432    722053209
4059810    296347    347755    9330526    5696300    2330460166    2333558113
2638359    20064    21873    529677    7983934    134230410    3286032968
6424395    155431    126154    11923118    8030125    2282735757    2675624080
10287770    349896    396072    10311548    6649298    1321780520    1206351334
5854400    32513    28669    1151893    692060    328784528    810373264
2826699    32782    36482    2408512    1287015    494159428    643908612
23064601    262954    358272    12887659    5657427    1225723939    705445154
10416833    370513    376012    8784947    5855670    1768352724    1495812022
4762698    26986    30335    780003    725967    170495863    437068556
4894855    13447    14906    524619    319929    285502530    596071026
1571939    12833    13846    216170    186253    226836989    488389737
3908381    25661    28754    768956    444549    236059640    609837768
4416997    53762    26929    769610    439432    186395727    337446440
1595094    14200    17310    385504    230086    185931169    324906201
476381    120429    135986    9146130    5166683    2501260783    2213433916
112095    7477    7998    170792    109297    196269323    521758583
128477    4409    4992    40505    22556    124473074    223565379
109196    20733    24160    756531    9679266    177050310    5184752322
4131285    43395    49665    1641171    822690    198532955    309259362
3277723    232596    191312    9580620    7109837    1906282557    1571024454
574428    337670    325334    5951413    5454685    1246935858    1789298901
115279    4173    4911    33329    27432    271963187    456772260
4563601    51240    41655    885442    570531    128231666    266504591
1706639    15868    16765    17315183    11169298    5325018519    5546873205
3444619    28076    30243    1016571    7080902    126230598    2427160207
4297441    24621    39146    665166    408434    284891067    854643426
3830962    61881    108381    3700100    7959575    551423899    2294892911
342079    138959    147340    12699636    8437012    3075285617    4277566455
78043193    276656    272053    6518105    3953615    608303521    566770275
1832650    226394    283213    9325367    5561309    1235703582    1105214892
3876068    29362    33378    941121    1362324    177849349    545567263
3891497    98498    111954    9870375    7466143    1765347009    2371204609
1435236    41741    44336    1182513    652182    170850978    293458044
5803038    138342    156126    10468280    6639678    1433951454    1547772587
1295937    149550    148124    10996016    8414867    1855737098    2256047318
6061889    22984    24881    730982    405952    243370551    449600037
5088536    37636    41349    1097066    577046    147835937    250913359
37527250    241482    320615    5474767    3783591    557798810    489669819
8395278    77344    115462    11895000    8547786    2926177323    2855842082
3183249    172034    191580    11741453    5771898    2127454779    1424370447
180494    739522    816063    12406436    9693423    3782752990    8117354641
1679707    43459    58999    1348514    755808    208703869    490137586
3453100    27059    28589    873496    529536    223594993    324995784
17569606    295353    372730    9992414    6545442    956464007    721340578
6212109    535385    572268    11424194    8014502    2096765514    2430347620
15769912    256707    345248    9054991    5477080    1212021048    1535019770
8455787    35299    36912    980588    675692    306822702    712085728
68419    74768    81071    15446703    10429112    5229637077    8673859728
69350    141560    5154    22915    6284991    193881219    2830821006
3617003    271562    315627    9367967    6112213    1380479608    1174188440
425287    6994    9167    2530097    7643380    763064015    3434866688
1246139    87253    143334    9013510    4445151    1139585961    947262564
2399609    52167    58755    12886992    5844966    1448165254    1012673438
4541560    272381    326013    10996452    6650970    1440686410    1673059174
4543909    97399    109639    7306926    4882111    1413104616    1672163879
10439472    42838    75579    1605270    924291    189531120    311309451
24041545    273100    351755    11659381    8090118    1478074303    2241651754
1005491    9199    11202    312836    160002    299003672    639295449
1266045    132541    224040    7159540    4474697    953261205    891798723
6492016    134219    148035    9842508    7904852    1162726970    1405877586
6578036    489415    546201    10955020    7589941    2150720718    2425039357
1171923    9791    11661    290208    155693    334222563    600182932
1821154    248355    289276    13700222    7344313    2419295198    2360737249
1018936    406442    422605    12778507    7106261    2366427336    2194688571
7846115    35178    38430    1043101    675174    241215988    398768155
121479428    215990    227404    10821915    6149450    1277848521    1107297098
2582599    490260    556802    12020583    6593142    1734641570    1396384939
370750    26380    30581    710882    424662    135414498    249706046
1205338    10282    11216    181902    6928129    210510235    4970158664
25680188    421694    450942    8183792    4310687    819803423    764080710
4066247    237438    220816    10502048    6917608    2734709580    4494035816
3584251    705011    711655    14322105    6684894    2403283867    1787924505
1601880    268445    307046    7714002    4950268    1044844205    909527512
122263    4180    4396    29577    59504    221607715    487137195
66287840    293570    330228    6658100    5392511    771127471    1045517935
5314055    38259    40293    1216123    715542    216340518    535452908
5174441    25049    27771    818818    535650    129465706    228774263
27393741    243306    226518    7417206    5553579    1070370610    1107198031
2176594    458588    536410    14182428    8557231    1969791306    2464115745
835604    8457    12096    321136    10747961    218833945    5071388140
80338363    263796    342291    9206513    4459946    963934941    741259096
2250580    37022    25064    679077    354160    197285008    279049513
2029333    15996    18505    435389    273770    216209313    451491478
4173136    13065    14471    413363    8039172    171383249    2529568207
1173726    193434    185228    8845878    5507549    1867382032    2615813215
2130240    311509    367817    9897970    6892577    1540733617    1530058965
2766534    64177    69262    9013070    6575549    1300344556    1741221715
1315598    120494    112691    10501619    7209197    1992506896    2583656276
63927    4292    14141    539466    372268    139051610    293524049
7169226    150999    154521    12382794    7282756    2183609412    1883734897
177912    4575    4330    42018    52100    195149588    291849340
70747211    272038    370004    7757820    6173316    947482147    1427767129
111817    845196    764393    10793356    9279140    2787961252    2595533705
102076    512438    529211    9964555    7085795    1594710513    2159059884
3649659    470181    490569    12982134    8040135    2106482270    2879125630
1506046    31248    33865    1249923    802302    232758374    550012127
76823    810483    903139    9725523    5835719    1145292326    1177241369
5629667    62250    71090    10424563    6655472    1809491469    2045317414
7512860    44269    48210    1394629    7175210    184863249    1903048406
2134773    167453    170718    10155746    6805696    1422696209    1525196892
69758656    210675    300897    8125527    5581492    674375947    598905709
57505417    167154    186402    6575782    4510445    796450507    744063468
3003916    32899    27417    1013995    601895    319104101    832481189
2491649    31030    31098    16088984    12612259    6683459822    8921261000
1014153    7071    8004    9948426    8756381    1579694001    2663696745
85725    4389    5107    39700    21728    326552489    595466342
5260819    28270    30024    1187126    587884    199235254    385795477
102066    19706    25058    744712    375913    171234652    342150192
92383    162468    182311    8270648    6748963    1347199331    1944288104
319492    153346    178262    11335214    6364045    3342096206    3235025858
1000576    11627    13140    191195    118094    100170151    195585546
3125831    38953    43587    10206891    5619800    1340043898    1307415979
4922988    75661    81426    9875559    6800271    1269052494    1532104089
1720121    15024    32017    473906    259497    200084378    429031004
785887    173943    210220    8191484    5274100    1315586972    1176866660
6825694    548538    722395    9510169    6476349    1492349999    1720243301
992378    6483    6748    114734    52653    141474911    317093033
142216    438337    557916    9956754    8247798    1520035308    2083021055
37496867    237782    285636    11083401    6876349    1350514181    1315191787
145617    83005    93999    9825643    5759662    1330667893    1415441908
5388839    312684    202811    8889083    6228853    1183398551    1265218550
2929804    18855    22324    642257    338428    350660606    917416588
3447871    99362    118163    12176084    6583544    1573464020    1714703832
298177    45199    46585    1423318    1394469    423130135    1455369177
3233931    55152    62686    7437152    4591958    1572142231    1681286011
3875622    122699    27413    13763827    8287683    3053596505    3471924771
1295486    32343    30587    994567    623176    210046075    360615992
11628945    244450    227221    7840293    5627028    931915652    929290566
757989    18123    19990    439056    292192    189009105    432273142
656579    7844    9074    166444    94111    465803010    839272876
765320    291451    350765    8496231    7001948    2396722098    2249964967
3689594    20221    22113    531630    349795    149279528    254083639
1816680    107714    146855    12061049    8766656    2810567239    3162130919
62840    268308    292001    5775024    4479892    986312889    978719651
15152490    262203    337712    6935200    5590052    703560703    733785128
4064039    1149849    1279889    13994345    7505421    1700510322    1368344481
889676    9644    12561    307258    278956    209365490    804725106
2121540    522870    636638    13700484    6769852    1891134567    1607262035
218733    6232    7732    117345    44594    126394441    241331050
89764250    317695    311829    6958270    5491602    827905498    1134876601
1943100    369434    337991    9328773    6611545    1367346243    1402428993
131973    44740    48977    9340342    6273019    1566987976    1467924442
1589212    12024    13504    263956    249854    308762022    909638748
2939791    43387    45880    1195882    8054158    192787731    3294198488
182548    66665    43858    2619255    1515539    468196548    749702235
2677560    1016781    1067975    12488339    7708170    1851561098    2591619989
2950451    28318    28764    938644    542714    239627092    384320358
729082    344026    523424    9733946    4824802    892086422    645955279
64627    7434    8533    145366    247746    372307210    1226895501
1630423    47420    52717    1884483    972386    572397912    1721505852
5089858    48831    52051    1821360    981814    215342651    329558917
1528275    12417    13831    290167    186258    169071054    393016205
954135    22765    23678    609378    733896    376356640    1148233571
4307022    28209    38793    811410    445871    133651718    284534219
173867    4404    5126    46127    24155    215872844    492915915
5177318    36720    74544    1114760    645437    154863924    226859515
96269    41635    44171    1135350    765599    232192767    542980752
1782314    193525    266080    9579531    5992210    1275229005    1114946635
253633    455662    509647    9465509    6124921    1671314136    2497478870
2164377    15154    20075    555920    208050    236332996    370933206
2100796    114187    62276    8832421    6259097    1669495624    2321673668
916866    23921    27383    686025    1171190    121441655    487064474
155313    4892    5425    46138    24173    278635757    337159942
272730    133753    150501    9852201    5788538    1406121818    1779695459
100621    228411    217380    11239332    6766581    2224869870    2217514350
1921079    136253    153479    12727570    6498398    2531922021    2651797731
4544785    158175    224203    10520022    6044012    1966765408    1664459527
132244    4807    5225    43212    25349    137491580    297938928
94999    368972    357635    10195459    6399540    1561440629    1646269874
199832    4312    5001    3685125    1334349    931648973    895414679
6587113    290636    291501    7641292    5174189    844397415    810297501
74012    4226    5140    34048    16343    187394896    373445304
440254    46028    21687    521389    8130936    127277397    2475280149
1011957    36795    39995    1140673    760722    204601872    374376487
5691648    38875    39209    955158    7044909    157166278    2129202982
97307    4373    5694    41083    19155    138304435    199389233
1295681    9270    10845    305130    163403    194317754    284771680
483166    6540    8052    80593    7383313    185795818    3979517186
117483    4809    17832    7367303    4613375    1089278613    965722346
2428877    24779    26075    735241    443037    264658524    615634514
1544182    10828    12512    357824    253169    242147557    396340267
2907635    16990    18021    514034    358050    217835702    310901445
87599    4255    5073    36020    148711    140235483    259672560
1161223    47020    26440    1666448    918526    300159527    459434854
3927990    21631    24164    9565862    6356544    1406147957    1532106520
3847854    341983    372057    11332438    8106992    2430358778    2757392998
737781    42491    11394    200276    155056    165920356    337198839
118347    260840    268485    8371322    6101934    3934102793    3548544012
6192741    35375    40265    1142693    682498    322214004    654110712
57063678    184531    213144    6981884    5409494    572571775    574393147
14438363    163418    182340    12436830    7337205    1697705336    1999958746
3572763    26022    30701    777410    385764    135819981    253825513
1674513    45631    10835    1465737    834160    169793783    282366607
2096687    27801    30782    869380    475981    204704637    455189151
57370684    303818    267035    6608718    3566502    643657949    411006218
1629171    227176    265591    11010068    5277724    1942051844    1117014671
460366    6655    8033    192513    922746    171566013    588678754
96583318    414317    509034    10573292    6239654    1427927283    1502286543
169275    15898    35756    504660    304706    282305696    545268222
864670    263819    173772    17548697    11028422    3624896262    3956281072
2311438    65175    68389    12933251    3276303    3217386276    2104512669
7829839    76627    70262    11886661    8030258    3992613188    3296348107
211944    21929    24424    573494    341121    191077144    436328154
7534809    366427    334111    13094900    7987314    2467668287    2828053010
863821    358454    352218    9422808    6919177    1827081982    1877765591
1233576    10148    10287    272726    162713    149600742    249721846
5696252    31747    33493    9089155    6354852    2250009962    2636249585
2198702    18231    20650    457113    257667    119487509    219162957
84123861    298413    288539    9332936    4469629    1115520094    750792741
1136971    44229    52019    634184    1314134    255550179    1077566026
108838    24116    27070    784032    558330    193548551    354731559
109001    4640    4998    1508998    7917685    448583458    2926032446
2135406    224698    344687    10352969    6362921    2196419780    2442634909
741139    324369    383770    10316573    7397605    1378421964    1767786346
2412635    53507    61197    9881949    6763295    1661016876    2447108755
2200009    27543    30812    12357338    1348656    3055683134    844110613
1151152    9736    36849    231531    152413    145798295    264166363
2625144    181849    170501    9155535    5664028    1341806708    1475116021
705773    103783    142704    11487679    7613004    3884763206    4539469274
98380    13708    16099    375116    258648    181083237    369574908
1681303    12768    14417    317309    227582    226239264    434043404
2507751    477490    560346    10150916    6909754    1717690079    2261450420
2312876    509746    640418    12379714    6768328    2027946420    1519760220
93900263    266981    460646    11298151    6002498    1019906995    767538547
548406    7280    8978    171408    75385    128402208    220090124
1878381    563403    609881    10288657    7267365    1569685407    1399151699
163233    49443    54122    1373118    836535    282553399    587476582
4939659    532168    573862    10116685    6446586    5101530331    3419428743
6233292    106568    182330    11747468    11468504    2982345171    5404997387
4258180    36931    41955    1163431    735877    173903416    405108144
2337756    31314    35749    1054653    460070    146230262    185966454
551545    14559    14463    413694    213433    231407829    405776052
87116    4064    4956    9120370    5992588    1653577806    2260670534
4134569    56034    31687    7765712    6773515    1553748036    2505863120
3616272    30555    34311    843040    508428    172245415    350771744
7251960    386461    370940    7099029    5436029    698682236    749845041
3818417    24021    27725    827536    718048    299719723    792875592
2536180    363744    455682    8729060    5425967    1647100778    1723680307
16807948    129745    145495    8553590    6802513    1608365521    1935593241
3435840    316185    348287    8928458    6678109    1405004965    1671936300
150541    4536    5808    603781    368860    207391251    387783942
4579969    313310    391826    16641610    8313324    2390600174    2716677271
752143    7260    8512    143013    125131    223064197    527500230
969517    166850    270186    13973622    6515889    3148121701    3013476216
540611    9731    11540    258089    1272226    272312297    1192580008
1260692    725491    836859    11052916    4561300    1331655440    1068224942
6343650    63799    35460    1011336    581185    211206960    388590346
6228266    59582    31983    890261    518462    279897096    615681747
241490    14121    16487    374224    1080213    188967299    1140966972
3566586    285779    376440    8571446    4167541    1485920325    1262215007
6836916    919345    1010758    12949694    9932467    1859756018    2585423347
2609573    441400    401669    13049776    9210069    4063886340    3502792444
146776    176872    199742    12420504    6494837    3363919047    3996305742
100097858    253381    376501    9165709    6794543    1022219225    1046796462
1233849    32766    35817    736963    475512    95397721    163625567
5078635    32283    34570    1026817    637463    181511328    268447801
2968815    184758    174219    10086324    5570643    1341968826    1029649040
56041    62729    69216    13962214    1195179    2506053605    632744980
3479124    160308    155025    11462184    6707623    2478200464    2466149908
2786342    24102    25731    646800    6936831    132411626    2862696774
1475694    10662    10871    288998    180345    219209077    402963734
3153249    23023    24892    747158    452547    213034290    343581718
3276392    24529    26421    676444    430706    299700496    589151005
965782    29249    63388    902811    11972091    179541300    4156956439
5750470    139634    215397    10726335    9849231    1486606787    3018107313
1666407    10257    11974    391788    157825    225074848    459857083
185440    232068    294829    9725897    6438315    1166118544    1437879646
2636416    104196    111952    9553163    2138906    1767047172    790701866
1158377    7212    8096    226944    3691395    243888649    1701548613
1193042    212356    101575    13464148    9765969    2601851582    4191743840
73563    4349    5075    13810939    7609933    2282972423    2137573420
1043341    121110    126062    10264472    8725944    2153128404    3426910141
209838    139403    156575    11726935    8098827    1559348355    1949834872
313626    10852    11762    288902    149869    348837464    1125798609
95319717    180264    203056    6799662    5270458    823668659    904857367
89841648    319997    352419    7555744    5609226    848663026    880472555
2834872    17858    21720    632906    322410    216807915    537660772
4272831    17741    20496    623004    1423983    196975935    632386111
2976141    525879    552258    11013813    8510195    2308568955    3776734141
444164    10551    11622    277219    9700723    251181344    6603910598
60598    173458    150953    9837161    7957461    2222945232    2765153690
4407437    47182    48142    1606979    986321    269609614    543154495
1465126    61646    66035    2570635    1109368    453692635    644342576
1109743    9641    11311    317380    172760    303028274    434467837
127088    176702    195229    10528165    7266380    2337784710    3576075627
1995550    437129    572676    12329591    10324419    1570099806    3137069368
1201044    7817    7960    196958    7657634    172430075    1715469353
3775804    22657    34551    532234    338050    233344952    410022819
3216932    260718    283867    7999173    5310487    1393160924    1859774633
779005    27089    28308    857746    495374    310088576    717369968
90882422    231644    269160    9269639    6015468    1203212798    1040389353
2913126    25359    31057    13012785    1168312    3193927517    611941374
5364423    35182    38855    1062506    553128    298555673    749631514
106299075    321160    398100    11759304    6116246    1571857756    1420094021
148030    10940    14666    8883518    5640668    1426898534    1662686918
975915    231180    272049    8031580    8666089    1153952364    2301418692
3300151    40770    41765    1554741    777730    261441078    462841361
540527    18043    20146    486168    377161    161216552    259300115
2896401    546768    586277    9891948    5498511    1233603829    810790677
3688079    514986    549312    8279328    4682182    1437736632    1014809586
60801    351013    426601    11042325    6276338    2201634689    1904011792
155422    4520    4988    87397    29967    376791662    829706054
668461    333743    392027    9329556    916617    1745479959    445322599
211831    6061    8008    68745    568234    238507780    541417825
91554    300218    286093    9223755    6148285    1841201348    1263760066
4640589    22115    24371    688439    478592    235785444    484858977
860190    8634    10646    8359742    5758557    2268639708    1983401597
3155702    156031    174234    6460818    6228573    828783769    1227731703
3269407    60324    68189    12332613    8416967    2193240517    2508164874
1588708    63275    44224    908611    8075652    210988118    3215490875
1467053    341020    375745    6742448    5603582    1182011529    1207481728
3654293    40259    40921    866837    727719    189168205    496675565
3117261    1095335    1215304    15200195    10707175    2731531548    2846164803
1471598    36409    78753    13323880    7869703    4287408791    3401412892
2288785    15594    18306    384807    232405    195686223    270857002
2561787    40700    43029    1288613    781743    188787887    322581526
3149583    99246    116004    11248298    6946646    2004521486    2166647174
3205913    484031    527029    11920301    7527062    2236225499    2836895432
5249616    27659    30735    885052    475061    229186548    447284474
2890460    269050    257299    13942336    7130104    3286013667    2627301962
837135    434708    589828    9600234    5356658    1604652990    1658615279
2851345    27149    28791    14150130    8383482    5539707308    6118193528
1664931    38933    41157    2576554    1644150    1514445115    805522541
2044299    24076    55883    605625    433577    163486195    383453162
1755724    16730    18850    10009230    891246    2225714978    472558798
94309    28628    30606    811190    604076    250855555    939265527
140692    7533    8726    225032    100228    199918767    387720995
1258335    11897    14935    299204    207535    211868780    339536159
89140    37785    39605    1047290    639045    197976461    387100835
2099705    36431    41232    1104861    624140    215501747    590269287
99944970    233600    266426    10302263    6026946    1084545952    795698656
798365    671684    671805    8492056    6080701    1030717613    1213974760
3836547    269782    324137    6312252    4874036    648555718    600129679
3875428    183483    252435    13944541    7962616    1854484287    1779112731
8127275    60332    42979    1137562    793603    260115564    576093211
4293702    471079    574983    10449115    6229840    1785956905    1246833084
1987983    396777    472265    10706789    7213414    1793953764    1797476254
443116    6846    8164    211328    78314    253124215    327659949
1190422    16322    16681    497055    314268    317878467    645426213
130950    4350    4840    31063    41254    206422621    382028135
471480    15254    17458    354686    212593    117451949    203075971
2343755    41501    56525    1362286    786434    300090207    770053561
111783    3788    4518    27598    23652    235805014    567167348
4706069    325597    403495    14585564    6413365    1783875232    1235540985
1027910    68237    108052    20139114    2020512    9235025766    2228336635
1895863    32358    34526    4035079    1330961    1119051844    1019784184
767456    30567    36677    1034341    499064    164797945    324541593
230171    6949    8037    88816    1702353    149807654    940841843
3552369    253690    353133    6855964    6171784    841131263    1288795040
618682    7396    9459    1957506    805907    363984930    624050701
951787    12262    13128    244377    145094    201375406    396157223
3605668    128887    146415    10550416    6697597    1637043392    1446667024
1806035    152811    214522    8655921    6757124    1232438936    1741928526
2772039    267764    298652    8696332    5119656    1273677751    1442902766
1683702    16013    17258    689723    443702    394169853    789248131
5541246    25593    26817    655518    517930    250333742    546364714
3004180    322370    388960    9540804    7500589    1485373043    1914228235
118664985    349731    346168    9387125    4591173    1153749454    888219249
3873963    167409    39450    10505498    6308936    1977890791    1870771128
5820302    36596    27490    552899    375142    170568587    334500359
393539    200715    154026    10883017    8322330    3102774155    4135040877
99488    23398    24533    839452    509647    385560419    617266283
3645980    169553    261043    6272574    4993973    1120216977    1545687130
7804687    406004    451104    9452467    7213538    1303569435    1895127852
67965    6588    8888    173521    101476    213850965    349279548
22835691    379620    384210    11845628    8423875    2014770843    2548107561
934875    11672    15960    14386394    899877    2081791204    513739598
679935    7438    8654    104806    68686    355008937    577804238
131892    42487    43488    18062785    14273469    4593930051    5492778122
5503690    408082    428470    10028598    7284397    1296794316    1382262896
3418668    170494    209444    11458193    7131310    1916574987    2447154749
1876420    164029    134098    11187721    7471453    1653291216    1772038393
202208    581114    695615    11824876    7901588    2048049317    2466542885
652037    24794    36840    679011    520873    229576718    489675332
5762312    28883    32379    1096106    593812    208110235    357008828
4913169    533465    791044    11835853    5106680    1514850628    967872728
37979    41731    47070    1588832    770543    201489758    277535316
6534369    21840    24961    959074    10316539    286948080    5194139028
90941922    323400    414467    9141232    5330158    1190892241    1190958246
2820148    530626    513942    6598620    5552999    1601643203    2008737383
3950923    27079    31301    1184965    7673616    189728407    3015213348
94020    3868    4624    23208    859378    205145744    975843359
4159656    410830    488262    10454470    6962345    1416369140    1601729272
5767052    228776    240211    13674622    8726362    2079771706    2115787722
3653670    21524    23716    681388    401249    188065187    318884552
70790    63014    71887    9759011    3149119    1510946907    934618558
78134911    294902    394785    10728926    7173319    1354036629    1353766953
877907    177865    142909    9900128    5959911    1753704419    1710737316
700564    135174    154713    10608516    5166322    1828814956    1351614802
2068008    25744    26601    743237    528844    170856865    266528396
1138808    288743    281227    16223779    7579889    3428817268    2438686327
2753501    21308    25154    2166526    393300    437590891    339104621
19571120    298167    306381    8297494    5436867    925170177    882555861
3239993    21973    23061    12311023    8164559    2288930140    3372135818
141543    18542    18807    524454    377349    256628480    524569810
111540    30230    32543    1219133    577524    311596048    593793076
3819093    22640    24822    594826    389794    152679241    352573588
580441    14775    16102    345915    227227    161047757    344993780
759377    7329    7969    125641    88822    194165801    372940123
2301352    765748    845838    12854947    6198900    2972689530    2148088596
7422503    256790    255825    8921522    6569101    2774936868    2476382310
1604362    265915    352313    9091062    5404265    1390765950    1039181522
4933786    100301    110361    14806556    7757352    2397140084    2608193479
674234    7056    8082    134235    7072087    171698461    3392150256
4836459    36138    41706    1005417    1130105    145571631    363691154
1818792    409959    464063    10230037    7119318    1574593327    1927203582
1395926    26938    29164    655384    5649181    197670731    2680328485
2322706    561131    696972    10813106    5878173    1304309348    1188364021
1408431    12306    13143    199166    158658    127578488    243583993
152235    84244    89946    10972505    7299079    2372129598    3607273580
1463490    11951    13517    340465    188765    196278470    347244055
2569834    379319    450575    11220921    6771168    1932082409    2038969072
34321562    309079    300095    7979637    5059067    1330871384    927520223
350545    35689    28872    692441    392211    174426506    321568052
3442334    20614    23737    670615    1624822    152878556    729020954
1968490    13903    14664    270659    255428    224674238    429160655
144667    4481    5217    46161    750415    438949377    812971718
2828457    38417    40765    8703191    6792252    1265192676    1329366644
90422    85617    124931    12639653    6397109    2473734895    1961527465
155330    50895    32779    903148    668458    132628423    271084475
2397596    620771    718965    9746351    6642009    1449450887    1407497726
3484945    357485    364512    10236482    5947054    1179089781    1262545247
518068    27277    30183    871981    550626    294742987    503083958
1410122    29674    31857    962203    550936    205336185    296124774
2195474    390046    439102    9402181    5927788    2181750601    3641671859
3019057    14887    15048    333963    326825    274981777    594297888
4415316    42539    46597    13321450    7733498    4758705986    4850951512
238406    496186    555094    14755222    10903687    3546792309    4090417206
156405    35676    37906    5291597    7419879    1161755656    2768282092
3300742    15760    17375    474852    292724    168153456    337581745
484724    10402    11802    6207022    3904509    932859580    1254829482
479999    6629    7762    129628    1295674    225895278    1062509598
537863    6923    8725    221115    81294    228959101    489993398
2501879    15767    17440    497542    5643674    173919187    1572845299
121923    23833    27482    765432    566128    439710057    876596079
1331936    12042    13009    1011867    640858    203119736    364373185
5373087    258109    245280    8413804    6336627    1106380114    1761178442
3359994    33007    36522    812582    538734    167924313    284395914
2243533    20102    21200    523339    298060    181813910    499369903
939899    15499    17276    398964    237339    151572624    314883197
1633154    124716    145016    19124701    8654425    3384414714    2787409808
49752    4121    5375    552480    351305    224066207    487685851
5642436    249373    308802    8879471    5376453    1682529279    1516639912
1163591    163650    180591    10710607    6322689    1204244961    1249416059
124011    55840    61133    2040580    1140628    545979331    965094096
90205404    291978    399553    8008403    4270194    959522466    732926092
1509326    55929    47033    1425131    707279    164999420    290037185
41957876    191900    230335    5902257    4141836    624872094    401981044
118256686    290546    307599    8690706    6444592    1040122751    1015320200
345944    100066    104378    14309663    13115363    3842230016    6699256956
174813    57125    64138    9388131    916970    1793749082    444359915
947318    9396    12169    13306308    8772145    7588956794    6445994884
1288340    18682    18594    561753    493836    341041282    1065511923
2715808    10080    11473    235801    164499    461811403    1197115746
7578797    27924    30961    3961550    1355220    793139077    1013199318
135218    82645    108254    3032812    1701147    351289037    503437220
1104730    131477    135637    9292067    9933057    4797181739    10867269400
57819218    210819    298501    7862744    4448963    850487580    546832805
1109912    10426    10654    233344    161058    254491877    782174857
3017103    347612    405249    7602110    5215792    1906113069    1848336614
797252    42147    31152    13851616    8064106    2854215528    2832997632
4256481    199503    217259    13905343    7464614    2129900519    1534883037
126784    4166    4455    31544    26853    154681505    325578659
4916432    38503    44473    1042391    539650    141791403    313775423
662117    9253    9718    182293    10202110    320579619    8435074284
19687547    302089    318308    7686561    4722937    913134225    1049204247
3640491    237690    271268    10911310    5543991    1382977462    728702985
8854189    377095    477435    11032033    6974125    1394054680    1274669835
141797792    218344    225959    9375336    5785436    1300978415    1414835664
3846116    319643    264413    10723404    7443522    1424370724    1814610454
8076766    75509    80301    10261821    9057740    2992358566    5104890851
732361    82934    85272    10871012    8517908    3139191842    6100475122
4008239    151456    22156    10591120    6539818    1492855377    1275507452
1776341    13731    14841    401506    192620    287365635    516292467
3249422    20075    22442    570193    357750    217756590    549510752
1532241    13117    15494    391814    180154    217769917    520074172
2103751    127767    145034    10501800    5505475    1624920559    1363698968
838225    151976    147691    18149116    11030029    5846900648    5381902863
2259580    12412    19031    379977    199198    170276250    327735661
937222    56583    59927    5505949    3019238    935629240    906944292
107112    9935    10879    190861    148571    198973562    357402915
2648010    316826    445762    8750997    5908082    1206569277    1224275575
96642    4086    4864    19058    16150    106339308    202000890
3173767    237690    306093    12020646    7369860    1692592172    1557389494
71928183    452427    599194    10318957    6078482    1079239791    890136597
1627700    199015    213546    10842948    7105154    2572546214    1576120234
2837007    45385    20481    540400    329988    205839353    596876001
1612592    149063    178929    10380628    7726330    2306266078    3852428872
1634896    126196    178897    6863699    5154404    1108477101    1139756810
2502788    63779    70397    8132024    5141500    1489819016    1209629668
1707685    22560    25196    490685    307105    129256888    295059964
1529815    9868    9688    195679    7062954    124312598    1117041809
1192497    20709    21824    587165    406460    180250135    405957888
2596009    27275    30235    962008    497224    195480663    273581284
1941739    35067    38944    1081760    649997    244744216    341793873
1818675    23986    31628    445552    226242    244721033    501150574
6370176    279084    351545    12295358    9271495    3108301413    4850703843
4881273    397764    426931    9466105    6283795    1592548887    1688877085
77473    145294    198934    8194930    5470871    1517454098    1586384482
1505523    15457    18059    486373    261625    162741946    220207761
69381751    276191    298498    7755580    5743255    627356529    676196638
2059552    246697    225135    12195656    7179638    2222294611    2047776221
5058754    46478    48942    1570423    805262    314098186    522371813
3964166    537899    559395    10578964    7878338    1541382284    2043652238
15255588    221492    310428    9235583    6757053    1016808526    852980292
1704514    120548    134397    9999187    7636148    1483701452    2127969909
1657227    37483    35615    1106773    857437    419408107    1022424889
5732196    514414    560670    10949071    7133624    2346038113    1937789345
2305587    32729    36585    958190    547546    206812977    434735752
1592058    18346    20734    503068    218927    167414247    324158513
1584734    109035    103634    18325898    1525414    4484760477    829951900
4121340    451892    585976    8669879    6110693    1281941427    1524464908
20639872    221164    245826    7061965    6016943    981457198    1495654163
4803056    31560    31808    939068    7278219    151545105    2620170397
1493920    187142    159138    11850296    5984188    2148563829    2165042132
4045375    188710    195643    14317665    11675547    1748010127    2323715679
143211261    297966    387452    9035254    6354560    1090605471    1226089123
5572370    68230    38895    9381482    6250589    1225497222    1500906771
2870307    92060    91205    15555395    3527382    4668795842    2637192160
6064625    27583    29362    18975903    9980915    3367251401    2975544210
244215    480607    589695    18557564    9341569    2587186314    2337697611
116434    43946    48936    1245312    696763    231467196    331658377
803500    206948    309218    9091427    5212547    1062053088    1151134137
3837730    173863    269267    11118967    7911699    2519053715    3115028364
883438    166862    214136    3981417    2078647    839888647    773640816
14514215    294497    365187    12926726    7132022    1836934148    1564876262
5389003    427349    458531    12671285    9824056    1881173958    2588742252
3509445    100499    114709    10781878    5696754    1776363732    2013311597
7614656    62484    37540    16062080    6929595    2211604679    1381440317
1362560    25906    25417    1474276    8517803    456411603    4836776436
605958    42257    45163    1287608    1725267    227974330    875573773
1207070    11125    12587    1306703    889559    292337907    691958120
1113566    487189    636065    11516886    6399110    1792815929    1737348384
558433    298140    295015    11635998    7496232    2019780659    1973157587
2437147    35972    37615    832620    524662    218946043    468918626
2515106    312478    384617    10643295    5724788    2725522641    2920435736
3785185    41709    29119    967089    687890    444715453    961321960
1735058    13136    14373    571837    12963108    254309316    9354892589
2664531    25736    29597    598011    348044    126440713    300647276
2642771    237310    265350    6240343    4025222    838293655    601871569
87508    170282    224669    3280474    1496805    724320318    737013240
8772963    225266    245780    11955767    7433664    3810081015    3022904172
2110092    15174    16970    458721    287850    298580675    827971033
1495208    284702    321926    8523793    6793748    1789590494    2259546885
255091    279061    343359    14434454    7360482    2218963835    1774322901
3386297    26678    30076    871829    459197    178264339    400579459
7916940    36324    39216    1089835    595889    134407381    216158236
3100963    17830    19683    475895    369613    164434859    318871138
3098334    159553    175271    10968031    6461738    2601017776    3051045717
5149712    37949    40720    950127    614499    133710825    239712332
1247827    260118    357790    10422451    4817613    1239300900    745572451
49582543    200087    205295    7062752    4739071    805065333    710640217
3062387    475265    590788    9279825    4444946    933937514    664809291
314389    36672    39577    1190592    7870331    196581408    3430501414
63805    50729    55687    15658899    10084459    3206714495    3342183493
107362    42674    46517    1199784    736962    212618926    386001643
2829626    94120    128893    15151711    9173804    5821790750    5820378137
3419305    110424    117391    10553291    6673749    1835184850    1986200908
1241810    7500    8241    212978    88912    189271208    345234225
80740    10439    11779    187632    7899937    138134523    4374108069
3298945    100201    107256    11884424    7889389    2136268423    2011684688
25603097    376958    381016    13926058    8512239    2395007248    2269106822
1205367    830877    885312    12332548    9625667    3450357654    4358054712
1676105    50761    53811    2552553    5241749    442671802    1122104927
1679354    565616    657167    11856759    7737902    1894705759    2690892462
152521    197600    7074    9994447    6235549    1915708971    2151003551
2903955    18275    20908    11269151    7025374    1866809660    2367192374
1043059    42426    46301    1130744    8174143    133824181    2665689407
146251    710984    853392    12021970    6340100    1314181604    952353932
15407904    250981    315406    9818702    6340669    1382742216    1421731192
986501    29453    34275    1015453    6951929    172776435    2900534128
727525    135579    154541    12907345    7904930    1921732501    2487135064
907329    83234    90880    18167659    9595056    3924229594    4027760425
6861244    109608    126918    13956316    8099007    2122764116    2216422747
957891    29845    32912    876863    513389    166668565    289938711
1339575    7664    8391    199771    122071    228426118    558939914
219307    5184    5258    52004    28002    212917490    319693962
107851    30638    30523    881088    622931    219638257    452344939
131416    4388    4883    41025    6853860    160302342    3192838792
3695858    439682    498852    8177552    5090232    1209363302    1047898839
2553498    9973    10817    173192    133424    263658751    709079762
2296718    47503    38651    858737    514285    188748162    370731116
3854602    120265    128994    8755896    6136203    1759078483    1921872718
4619137    97039    90335    2142675    1180415    285121400    327647621
3836921    41449    43793    8358348    5994881    1536073142    1502255502
2255967    477867    569952    7636280    5542768    1099667273    1294886546
98479657    301921    368542    9628107    6912799    1241567993    1466525259
2463320    26078    31061    3829669    1084470    523163944    434058216
4028646    164878    185075    8992403    7426375    1598013039    2405465478
7356209    163871    42216    7723268    5396374    1551448079    1336027122
5107742    20948    23535    398700    4441539    143762650    2304792715
2560426    37466    39253    1033628    647037    155415505    265659821
5628640    33979    35977    802662    591625    125546649    265574359
127301    4530    5518    40736    9031869    233788688    5197879756
124047    349975    404734    8451844    5353131    1160995020    1035727671
2034142    16974    18722    513797    284510    308762486    552311918
1462189    9981    12630    1134215    605723    478463791    790297580
2818393    232401    178936    10191925    7697395    1602527170    1558252199
5136219    30299    35763    8047196    4204087    1105177149    875617309
995367    8799    9181    1939926    1170324    497199281    858936678
5540912    42133    45417    1338694    733991    226072130    538596632
158829    56639    61134    9118631    6421736    2479801673    3190027407
2211724    68722    61247    14435310    8509181    2352600844    2813968484
124789    4783    5546    43201    11448260    209932032    4222530713
901007    761096    882577    19475469    10020122    11675408812    9698919456
52892567    222392    286822    8562132    4769741    719241126    560375042
3173516    209473    285063    11684468    9446118    2603160319    8054757249
1812129    52992    44497    1131494    7457207    136817049    2142140951
50642    24437    33271    818591    425852    212281966    495155027
4425089    402658    457189    11249705    6106247    1536691118    1448312300
5700938    162326    190367    8268789    4682436    1491986883    1522367536
235628    4733    5117    50511    28762    218436587    320436914
2135434    45259    17760    433431    311205    428613651    935731444
857423    51248    54903    3058623    1920619    1730272125    2491434176
1298994    9955    11870    286926    176833    241612372    346939076
4242642    28797    52545    894742    492982    140720683    195366139
7616474    37549    40165    1149779    3380130    180748515    1690259951
6196430    37046    40083    978997    569968    150549878    225424544
73790    46210    50438    1371189    906422    468822975    799035641
1686237    11972    13710    281714    183728    201373708    423626278
2017177    232763    305524    9404586    7148377    1551983232    1893755049
3674119    29978    33186    814871    550214    183806867    260400424
675670    8002    8370    186672    95068    307906313    441269799
4797816    256189    329715    9835223    6666831    1538734926    1496928517
71829399    303513    398884    9088619    5794917    1123660129    968203836
1972706    179394    211032    9479212    6644902    1327939954    1468942194
3960245    14854    17135    571584    341326    286144610    468937538
3103568    1404938    1715801    8930787    5813321    1225201071    1108090499
4723868    33230    35578    11086320    6949321    3051482852    3953266401
640929    7049    8923    243394    87748    205705757    320898890
3159603    137888    194710    16465379    8937983    4032179590    4131491576
4336290    32552    34648    9889740    6412846    1845111996    1585430920
4330107    60205    65914    9178416    6879184    1292989668    1391975446
93864    4304    4839    61982    6872902    176340807    2613445988
6287627    389463    415358    11252799    5698953    1329849865    967306633
3582237    44942    46610    1580328    919131    319778426    471520419
3810215    308209    313114    7604914    5469555    1096104798    1211752828
1402922    150402    11334    11685639    9895523    2573462939    2340238207
1137137    69365    78761    3723529    1983277    655239061    803038114
4731353    39586    44964    2043246    1218888    227459460    298429434
145559    4283    5289    46405    62179    521970055    1313152904
120633382    230732    247596    10842541    5739730    1291957528    1060092255
167808    68730    53850    1204662    624469    176615317    247315250
5335108    36392    39871    1192235    6101970    159944913    1503157659
181506    6852    8159    11445802    6602252    1823820000    1512035045
1766291    167917    125400    13516417    9904909    4005742998    3478004639
758893    6917    8529    157530    674547    231664478    360132971
84259    3753    4680    24547    19846    111407797    325648700
4462875    151411    166463    11488509    5645050    1710971903    1316257402
1646727    35459    65200    1057629    656342    226298514    378447515
2772399    167980    219195    9946814    6837902    2403515058    4051687052
5266461    35825    41190    872016    516205    105943576    187687666
6238894    346710    480359    10911869    7119349    1108603572    1486018948
2717083    22498    25103    606934    403844    151611482    303805454
3325856    64022    61991    9218242    7087706    2239760599    1758114821
1286234    200965    274056    6925816    4771039    1046702341    828786203
4176992    292495    268952    10235280    6837744    1477147747    1457485123
2123609    15808    29473    407910    362945    260050846    568631505
152545    37844    42257    1200614    2949264    196262015    1475644837
12372947    369070    462081    9291584    6221998    1078351538    1219311744
2029271    135948    205040    9148141    6947777    1489717771    1799455565
23677226    276162    304771    10035400    5275622    924995564    508011485
555493    82314    87227    14718887    11609839    4884967252    5285983675
651984    104321    114778    13480743    8576455    1628601952    2104811417
3129882    35560    40105    917299    565602    101104044    188484462
4128184    17041    16814    11645576    9753451    3240721700    3490282293
83854509    238754    261222    7417698    6550751    751728821    876410298
4323924    35112    38179    9297050    1367957    1131901231    271068781
2835009    134165    150006    14038408    6921251    3343342284    2263140968
641909    7039    7888    120310    74887    195073166    330762300
53310    143786    167756    9823292    8183949    1944881027    3706568062
133072473    312796    306884    11643208    7624443    1475523126    1294990154
390227    203408    62213    7881054    7010299    1548216899    2582417225
9788500    323624    380834    9203824    8295072    958697244    1559028294
102846    133345    130882    12859965    6518147    3596173184    2106498129
4286162    25698    28867    687683    468713    143596202    281319595
1656933    17783    21448    454186    282338    141203881    309892526
5716668    157158    178647    16488211    10970600    4663510936    7455739179
2691995    15378    16353    451829    325850    423403407    739865413
2206057    12835    13871    340646    205342    167841551    360376055
105401043    337318    360250    10728286    6945702    1395179686    1472720173
69932488    217047    215169    7524521    4326061    966344335    711855227
3943895    788436    1047804    8297818    6230443    1079240918    1181583240
2992791    20423    37912    604213    302691    167083550    301591874
5396829    38846    68923    1020046    600911    136485463    238645377
111250    598839    721028    9654998    5672047    1363540081    1572271336
69805    130001    164926    10472626    6485384    2591871418    2265560750
355737    31527    35825    813150    6889058    189806667    3871519900
144533    39186    44340    12765557    6094508    1958521325    1545676861
2145732    165872    177847    7548380    4319852    1152476835    948365463
139537664    238542    246018    8161424    6372899    821051447    724537912
2428595    411366    416099    12142881    8194460    1913235996    2582629197
6015502    36745    40582    1140323    576042    138925191    189421886
437735    393335    507218    12978830    6880408    2923978538    1832635245
2363258    10168    11472    294551    211898    238927387    332671830
1821201    37429    41252    878524    597905    118740608    210158048
981100    132340    36681    9396309    7927921    2892036420    3401255731
1918350    18060    19293    482888    6839276    109992628    1428765018
1080576    7495    8041    199486    108766    197447062    323332394
4337248    35813    25052    920859    481564    303118490    560680046
154697    4741    4990    51061    30625    225193249    346724561
1805234    12176    14316    331694    209890    158761513    262096590
137797    219623    297348    13709034    7709601    2678853184    1815144566
242025    489258    488887    6984222    4573405    1016537891    815048713
48030377    237902    260830    5412846    4069058    533558245    477078809
164765    4905    5162    54054    29327    134350860    265118787
76011    4472    4909    27165    809964    169250855    899160206
2672995    15210    17210    424585    264066    156688794    246882248
6079567    34316    37194    1051895    611934    178285445    344832211
473024    53687    58295    12821839    990980    2157635825    442849470
5952196    36480    41709    1067597    626401    162168776    259566393
57206    36816    38392    917982    630962    138507635    329244483
7455795    34579    38413    1236747    691977    155322587    237107213
1009483    200428    75365    4792054    8172809    956673018    4204197231
15806978    362306    309147    8009636    4441950    1184688079    945357297

