MSRP-new    MrsP-new    PWLP-new    MSRP-ilp    PWLP-ilp
6613072    1654801    4121801    0    0
6453647    140774    4593433    0    0
5409720    2402872    5193065    0    0
761868    4560986    389875    0    0
9044303    3806528    4696140    0    0
7205550    100207048    4015518    0    0
8483761    1930218    4378312    0    0
7266357    2361227    4117713    0    0
8700926    91465    4556642    0    0
1026554    1808094    4589856    0    0
637189    114459    312463    0    0
167601    73581    133621    0    0
6054829    47831334    3004037    0    0
8870827    1840286    4933489    0    0
6125855    61096313    3415375    0    0
869940    3966208    393197    0    0
6335867    111392347    5991978    0    0
5028530    64257475    2686720    0    0
7890261    2903631    5139413    0    0
716135    2422545    280015    0    0
7127370    226619    5394134    0    0
6504744    924614    3230401    0    0
7822811    265708    5014223    0    0
6391307    2932756    3649402    0    0
450426    3342049    188807    0    0
5167772    42035315    2952684    0    0
865596    3667542    3715574    0    0
418491    1980549    5572977    0    0
3742145    2883447    3802440    0    0
5062510    82778    4493281    0    0
8636288    2741395    4067637    0    0
6169544    406227    4442695    0    0
657629    2837969    386555    0    0
8913238    295089    5339460    0    0
9079305    1470082    5919420    0    0
7299059    5567868    3142512    0    0
7086237    710515    4581425    0    0
3972851    29418513    2157092    0    0
5022143    1079440    3589107    0    0
652518    34491    455536    0    0
7949789    3256460    3917410    0    0
6590078    479552    3441179    0    0
5514214    46158650    3117219    0    0
5184890    68497312    2778185    0    0
6679499    6288346    4530072    0    0
6479451    791760    3385482    0    0
5150399    1019145    3242153    0    0
7749486    97342    4767421    0    0
10204734    2228374    7594149    0    0
6931411    131687100    4845600    0    0
6915827    2634345    3592428    0    0
1454498    4755668    910307    0    0
8320759    1210761    6069392    0    0
1022466    508934    638467    0    0
6497847    3535965    4192060    0    0
1113931    91976    631313    0    0
4115669    28361811    2278194    0    0
4076068    1077652    3043638    0    0
5935005    2287902    3912556    0    0
500247    2783294    249868    0    0
123401    575871    69238    0    0
6126877    903919    4062528    0    0
3022688    3066121    2083511    0    0
9369540    515065    7067586    0    0
4479996    74339574    3852004    0    0
4903852    824718    2621315    0    0
6701726    16962667    3890838    0    0
6344554    53141    3976172    0    0
5070175    2398273    3322121    0    0
6089575    28246841    3547207    0    0
7129415    5147077    3574544    0    0
440718    102962    270818    0    0
173477    725588    156103    0    0
5752330    65405    3257994    0    0
10112246    1261093    5099045    0    0
5329240    33486405    2809355    0    0
6217575    16157622    3927630    0    0
282570    1812437    167856    0    0
5105433    45647928    3414608    0    0
8519018    246368099    5172370    0    0
413381    62850    259832    0    0
449916    96830    803257    0    0
5961320    1659144    3515526    0    0
7241319    2421778    5215548    0    0
205668    919760    4649896    0    0
887568    4751836    5591883    0    0
339800    1145868    6915570    0    0
5106710    3622575    3073275    0    0
52886    67704    4911517    0    0
8215242    266326628    4338200    0    0
5542574    55739479    3173937    0    0
5349169    30244253    3017067    0    0
401117    752159    5811348    0    0
3699478    86952801    2575327    0    0
55186    342610    3988691    0    0
6295500    2730664    3216860    0    0
524008    1737069    269030    0    0
7607690    1836709    4688986    0    0
1236566    419001    737086    0    0
6676178    695696    2859430    0    0
6513431    98619    3497897    0    0
1749843    1374274    827273    0    0
7142189    2732197    3570456    0    0
8534859    960127    4971045    0    0
6407659    2991773    3755430    0    0
6745160    2770265    591712    0    0
7529765    1691847    4166000    0    0
6906885    73365906    4438607    0    0
9577253    2144317    5142989    0    0
6249256    3024477    4335389    0    0
5157808    2587080    2864285    0    0
142819    329581    45733    0    0
5047437    44197518    3829266    0    0
374036    842346    192639    0    0
8659792    3750064    5594949    0    0
6740050    128766    4235493    0    0
9508527    1398546    5043860    0    0
7394867    8773485    4137897    0    0
9064231    30435358    4016028    0    0
7203507    5762805    3959565    0    0
5041816    42432856    3317267    0    0
6886956    1905436    3962886    0    0
4594199    3193354    3210472    0    0
298666    68216    146906    0    0
6127132    482107    3355845    0    0
6945973    4991229    3882919    0    0
10071880    1657100    5135069    0    0
7307490    4536970    3623086    0    0
6723698    319106    5935005    0    0
7836352    83800    5209161    0    0
5467460    12849043    3012724    0    0
8763777    2644309    3856348    0    0
7517502    1596294    4829761    0    0
5266901    13517146    2825962    0    0
253956    140774    5681304    0    0
6948017    33596265    3487677    0    0
3384460    5038494    3826711    0    0
5492754    95156801    3877553    0    0
5109265    49854806    2917937    0    0
8457957    971879    5217592    0    0
937388    3231933    6577559    0    0
5456730    57740    3342815    0    0
5719116    1310913    2778696    0    0
6355284    4025481    4145561    0    0
9398155    800702    5910478    0    0
6545112    4781217    5066599    0    0
5990446    56721323    3346392    0    0
3461362    154315    2045188    0    0
6787826    3011702    3602392    0    0
3970551    32129505    2496126    0    0
4440651    46243    2825195    0    0
8221374    1836964    5164450    0    0
1229156    428710    536015    0    0
4257465    71536    3202297    0    0
4824906    7682548    2605474    0    0
6819762    1148677    4201257    0    0
6412002    107561    4048987    0    0
6826916    2056174    4000188    0    0
5090614    67705    3344860    0    0
7649335    2030369    4003765    0    0
1041372    1262115    5342015    0    0
6604385    2589123    4370391    0    0
8266084    1108821    4872426    0    0
6510365    70821238    3593195    0    0
6773775    54853444    2705881    0    0
105006    547513    3733202    0    0
7971250    106028    4942431    0    0
669892    2082233    942243    0    0
7248217    412870    3815726    0    0
6885423    57795397    4431197    0    0
74858    129533    17629    0    0
6332801    3231422    3051813    0    0
4894144    29061850    2833371    0    0
374802    1426905    183441    0    0
4354806    3813682    3188756    0    0
8673589    2616460    5671340    0    0
6081655    1328542    4128188    0    0
5371907    47866081    3354568    0    0
6976888    83545    3545673    0    0
6334845    775409    5505017    0    0
10186339    515831    6749503    0    0
33469    82012    3627685    0    0
196982    838770    82012    0    0
7543818    281038    4537226    0    0
6193049    66427    3306025    0    0
7871099    691352    5079629    0    0
4062016    121613    3318288    0    0
4683365    1665021    3226057    0    0
355129    71026    237094    0    0
6609751    4079645    4853266    0    0
420535    84822    273118    0    0
5908434    1006371    3134848    0    0
8517997    921548    4549489    0    0
5059445    78735514    4002487    0    0
324471    1063600    201836    0    0
5004515    93400826    3101123    0    0
5650645    2503279    4673146    0    0
8584168    2593467    5483555    0    0
147161    434331    50076    0    0
5744665    77158    3541841    0    0
6451859    5663420    4376267    0    0
7190732    11664852    3282520    0    0
6358349    52539737    3285586    0    0
6540002    4197426    4707381    0    0
173221    275162    4701250    0    0
6834069    46513012    3563558    0    0
305564    835704    118546    0    0
8815129    2234761    6420945    0    0
7211682    9273477    3604436    0    0
6684864    1690059    5077329    0    0
5556370    1166051    3347414    0    0
510723    1311935    902641    0    0
4676978    94768714    3682616    0    0
8427042    102962    4069936    0    0
7282964    5665464    4090631    0    0
3753385    31510455    2357650    0    0
7376728    80033142    3551805    0    0
5905113    96570421    3437601    0    0
5324897    51774804    3774336    0    0
6606684    1085316    3372197    0    0
7241574    71493429    4951628    0    0
887313    96319    523497    0    0
4456491    2284070    2963415    0    0
5308801    2281515    3765394    0    0
4780707    53607425    3454720    0    0
8429342    258043    5267157    0    0
7965374    1053381    3948324    0    0
8524384    5337928    4384443    0    0
3338728    37981730    2466234    0    0
6350174    710004    4233960    0    0
3784300    34937070    2358672    0    0
4357106    27851344    2395207    0    0
1905691    6298310    847712    0    0
6851443    634123    3775869    0    0
6206078    3322632    794826    0    0
3893138    3478735    3334895    0    0
8078556    1582243    3524723    0    0
6113335    4552810    3656044    0    0
7857303    537804    4161913    0    0
2280493    2553355    1213061    0    0
6363204    97764065    4601609    0    0
7662364    7215260    4073258    0    0
13367173    2900053    5933983    0    0
9039959    16835945    4553832    0    0
5975883    64683120    3218648    0    0
6236992    4030591    3138425    0    0
7695578    205158    5724992    0    0
490283    2767710    219210    0    0
80990    123657    17629    0    0
388087    1079952    220231    0    0
5847116    82779    3292740    0    0
312974    2314473    166323    0    0
7463850    949651    3832332    0    0
4278927    56974    4412803    0    0
6205312    1748821    4982542    0    0
2074313    702083    632846    0    0
6456968    2357396    4657560    0    0
464990    2410537    240415    0    0
5680283    2587335    3079151    0    0
3939637    2448605    2476198    0    0
5129449    889868    2421011    0    0
4831549    8237470    3323653    0    0
8763265    74603    4894654    0    0
7010102    1909524    4879836    0    0
10282657    1878354    7992201    0    0
7769670    563609    5252338    0    0
4576315    448894    2892644    0    0
1015823    2157859    473420    0    0
5490455    53652    4037234    0    0
6083955    1323177    4138918    0    0
7937781    2926113    4836914    0    0
4470288    46736565    2746249    0    0
6763554    115265557    5280954    0    0
222275    731720    79201    0    0
870195    4642231    4861952    0    0
10704469    144096    5772769    0    0
2277683    420279    1412598    0    0
6176952    750626    4177498    0    0
6786293    1189044    4517553    0    0
4290934    3934528    3397234    0    0
6986852    13582040    3759262    0    0
35002    128000    19417    0    0
5097001    46755    4287102    0    0
8789070    2707670    6305208    0    0
6803922    608319    4629457    0    0
7801350    4234982    4658838    0    0
9930594    1159153    6427587    0    0
451193    1639471    5206351    0    0
5881863    1415408    6155492    0    0
4418423    63827233    2565108    0    0
656351    4424811    425899    0    0
519920    68982    422578    0    0
551855    3098057    307098    0    0
5015501    1886785    3190034    0    0
5324642    41900    3437346    0    0
5320044    49820    2884980    0    0
7558125    768255    4860419    0    0
901364    2026537    5772513    0    0
6957215    138220    3952412    0    0
6274805    2704094    4744171    0    0
5402822    5471548    3614656    0    0
4447549    60342366    2993051    0    0
4726032    2437363    3111343    0    0
5034918    601165    3208684    0    0
849500    4020883    442506    0    0
5650645    3452420    2858409    0    0
8008041    115481    4288890    0    0
5476402    55556293    3515526    0    0
7078828    653541    3081194    0    0
7471259    1173716    4593433    0    0
12505410    57485    2224286    0    0
8259953    29306609    4475909    0    0
7368553    1059256    5206606    0    0
7740544    576638    4859397    0    0
6639132    1475448    4926080    0    0
6430397    461924    3520635    0    0
6930644    283081    3290951    0    0
7344537    18169596    5117696    0    0
7373662    90149221    4315716    0    0
6713479    31937    4328746    0    0
7530533    61616998    4218631    0    0
883480    1043927    429732    0    0
5629184    2198481    4251844    0    0
517110    2166034    3812148    0    0
5677727    4604164    4348675    0    0
6809799    2220964    4975645    0    0
6696873    1747288    4339477    0    0
4637633    905963    3336428    0    0
9358299    677301    5054590    0    0
5373696    4054863    3095758    0    0
5007325    29019184    2587079    0    0
8782682    885524    4352763    0    0
11271399    401373    4684898    0    0
8780383    10549644    4964147    0    0
8067825    6206589    6620225    0    0
776431    5402821    411082    0    0
5095980    1328542    3913577    0    0
6464889    1053125    4557409    0    0
12271893    702595    6934988    0    0
6684098    1761085    5054591    0    0
7302125    2986920    3936827    0    0
427688    2843846    280782    0    0
6925024    2878592    3917154    0    0
7809526    1348725    5295261    0    0
8512376    3611334    4705593    0    0
548279    2887023    3232189    0    0
6320538    15845926    3263870    0    0
5592394    60807    3693346    0    0
8466388    625436    3747509    0    0
6023148    469589    2796069    0    0
4257465    1419496    3640204    0    0
5473336    867895    2882935    0    0
567952    124934    5150654    0    0
254978    1019145    114970    0    0
239904    792527    105772    0    0
5313656    75338791    4265385    0    0
5851970    512510    3241642    0    0
521197    1417707    339289    0    0
5010902    2853044    2473387    0    0
6494014    44124192    3664731    0    0
6538725    93683908    4798080    0    0
614195    59784    4019350    0    0
4903086    50184642    3417929    0    0
640765    3110832    4875749    0    0
5001704    89771864    2700516    0    0
8393318    78435    4721433    0    0
783584    4181329    396774    0    0
718434    4619749    455281    0    0
6589567    1462673    3434791    0    0
4918926    582770    2980277    0    0
6125599    60969080    3423038    0    0
7166972    339800    4586791    0    0
5142990    32454231    2487184    0    0
7776824    5535165    4141474    0    0
7096713    3214049    4191805    0    0
5691524    4777640    4347653    0    0
7845550    3913322    5794997    0    0
424622    1947336    254211    0    0
6618948    1749843    4408715    0    0
303521    1312446    617772    0    0
154060    444550    68216    0    0
5443700    59746821    4291446    0    0
46244    82012    5075029    0    0
6963091    87690397    4213777    0    0
6454413    49432227    3648125    0    0
7744887    4653984    6619459    0    0
4841002    1292518    3048237    0    0
7735179    5888506    6348130    0    0
815520    4578870    5405632    0    0
5985591    49942439    3084261    0    0
4769720    2591933    3412564    0    0
6499123    2338234    5107732    0    0
5549983    10831703    4150671    0    0
7533853    198259    4592411    0    0
5430926    35980743    2869650    0    0
6565040    5988401    3461873    0    0
433054    1662211    223297    0    0
645620    3744699    452216    0    0
4815452    5971795    2910528    0    0
5311356    61317    3687215    0    0
6175419    88910    4565585    0    0
5572977    38551471    3489977    0    0
4327214    1722761    2947319    0    0
7397933    253445    3768970    0    0
4771508    1266458    2725299    0    0
4893632    1906968    2796325    0    0
4931445    51788856    2917937    0    0
9127593    3386504    4459046    0    0
7244130    1777180    6141184    0    0
6396162    140008    4269218    0    0
7364975    1814737    4388531    0    0
6455691    92998    4627669    0    0
187273    764678    89677    0    0
6614350    85603053    3542608    0    0
7085982    47960611    3626664    0    0
948374    4561752    468822    0    0
6721144    42083604    3474648    0    0
640765    3195398    3122328    0    0
6325392    45916190    3908978    0    0
6913782    4046432    4280204    0    0
5921464    91976    4667525    0    0
90188    154827    23505    0    0
7119961    79252624    4769976    0    0
7649845    3298104    6325647    0    0
9743832    18270004    5309057    0    0
771576    1977739    400862    0    0
5099557    3903357    3041339    0    0
7855514    1707432    6386454    0    0
8946707    1468805    5881352    0    0
4993784    2555399    2458313    0    0
5995811    39535102    3578632    0    0
6628402    3336428    4806000    0    0
5401033    2458058    3096013    0    0
1172949    446850    773875    0    0
5112076    2073292    3694113    0    0
7054301    45260606    3076085    0    0
5524179    57701122    3273067    0    0
4964147    53807984    3349203    0    0
6327436    1994601    3467749    0    0
545979    2421012    339800    0    0
7351179    887057    4234216    0    0
624159    2414114    288703    0    0
528607    2391119    282315    0    0
6382110    799680    3869634    0    0
5403332    2749315    3610312    0    0
4144795    2244469    2978488    0    0
7855514    1699001    4197170    0    0
4390064    22567836    2248813    0    0
649197    3026775    971113    0    0
3559214    1518881    2505579    0    0
6693040    61608312    4249034    0    0
8213198    19647599    4740595    0    0
9859824    2459080    6709136    0    0
33214    102452    4465433    0    0
3399790    3004292    2672413    0    0
8067314    2248812    4221696    0    0
7616121    34436313    3831310    0    0
7691235    346953    4854798    0    0
5781456    72855951    4405904    0    0
10570338    4621026    7312856    0    0
9003169    68726    5261792    0    0
7055068    1145868    4138662    0    0
1370697    2500725    826251    0    0
6827427    3602648    4654495    0    0
4516531    134643    2949107    0    0
8490148    61109087    4244180    0    0
7393846    2722488    5490965    0    0
6485583    2510944    3608779    0    0
10484238    1584286    5479723    0    0
4443717    43240967    2727087    0    0
8422444    1928940    4335900    0    0
491305    1620821    225341    0    0
6202501    482108    3286864    0    0
9889971    166578    4389808    0    0
6565040    3554104    3898759    0    0
6028769    96575    4030080    0    0
6793447    2721977    4322871    0    0
4422511    3089115    3404643    0    0
5462095    891400    3255693    0    0
795082    330857    4323382    0    0
7752296    534483    3795542    0    0
4861696    1131816    3660644    0    0
5955700    1325987    4500180    0    0
186762    494371    91465    0    0
5954422    30147    4431964    0    0
8821262    1954745    4948307    0    0
392175    1725827    209245    0    0
512000    2888811    4812132    0    0
4640698    76391    3970296    0    0
6689974    103473    4560730    0    0
6718333    67449    4119246    0    0
1011480    770299    587625    0    0
6082932    2318305    4052819    0    0
4748771    24199132    2654018    0    0
6091875    1778458    4893888    0    0
4456235    4045665    3146600    0    0
8422699    1564102    5086526    0    0
4941153    40717249    3687726    0    0
5436546    379145    3405154    0    0
275417    868151    117780    0    0
327026    228918    152272    0    0
7727514    7046636    4341266    0    0
8501901    595545    5130471    0    0
369437    1264925    148950    0    0
8147538    1171671    6146550    0    0
680367    3299127    355640    0    0
5218103    26572112    2636899    0    0
5273033    68996793    3786855    0    0
8730563    2853555    5591883    0    0
5398734    1688526    2725554    0    0
6096985    3569178    4634822    0    0
6419922    81262298    3352269    0    0
4630990    2444517    3354057    0    0
6784249    51158565    4473609    0    0
5389281    78878077    3038273    0    0
6454669    38780900    2433275    0    0
7958476    3496364    4035957    0    0
5796785    2352796    3297849    0    0
4601609    1529355    2460868    0    0
910306    1932262    3411031    0    0
7192520    45382219    3728603    0    0
560798    2410281    256255    0    0
8535370    1521180    5564802    0    0
6420945    51123052    4128954    0    0
8188672    77413    4401050    0    0
7777334    83034    3675462    0    0
5720395    6198924    4216587    0    0
695696    722267    339289    0    0
212056    980055    3611334    0    0
5021888    1944525    3800907    0    0
4559964    1470594    4501457    0    0
3881642    29445339    2494593    0    0
631057    1079185    370714    0    0
6402294    1799407    3606991    0    0
8756367    1653268    4656027    0    0
6517264    77413    4706359    0    0
243481    853588    3901313    0    0
5959787    2551311    3343327    0    0
6555076    3424316    2922792    0    0
7954899    98874    4119756    0    0
4711213    160192    3177770    0    0
5670574    14845432    4268196    0    0
6694573    63106    4829249    0    0
444807    2360972    250890    0    0
587369    2985642    3729880    0    0
3966974    34829254    2299655    0    0
6266884    2161946    4224252    0    0
8185350    88412152    4592155    0    0
6087276    680111    3335917    0    0
5269457    87170477    3504540    0    0
7745909    643832    4799867    0    0
730698    1087105    342355    0    0
6971778    1513516    5501951    0    0
3297850    25986787    2569195    0    0
6922980    2541603    4009386    0    0
7033096    330603    4305752    0    0
5826166    1933284    4170599    0    0
272862    203625    2716357    0    0
600144    3325953    316806    0    0
952718    1536254    499991    0    0
50075    80990    5424538    0    0
7106931    11692956    4559709    0    0
767489    2514776    346187    0    0
5034406    37385164    3379350    0    0
417469    4526751    198260    0    0
6163667    3416140    3120285    0    0
5150910    1920509    3411542    0    0
5720394    73075672    3346903    0    0
5176713    4185673    3816236    0    0
4317505    654307    3599071    0    0
7712185    3523702    4669569    0    0
8049429    3861457    4388787    0    0
6212210    79540815    3280220    0    0
6208122    3930951    3737290    0    0
9060143    79759769    3820835    0    0
5434758    2644820    3801929    0    0
431266    1396757    174243    0    0
5338694    35663680    2635111    0    0
114714    131321    35768    0    0
7403044    1578920    3996356    0    0
6106182    94019    3584508    0    0
8563473    1931240    4253633    0    0
5086782    16447091    4050008    0    0
5388514    1233756    3047982    0    0
5698422    44074627    3346648    0    0
739896    2986664    4269474    0    0
689820    758035    379656    0    0
861253    3114664    452726    0    0
5258215    13956331    3403111    0    0
8809765    1005860    6428864    0    0
5298327    1021444    3100102    0    0
50331    102962    16096    0    0
6963347    53641149    2647119    0    0
70515    145628    18906    0    0
336223    1384749    219976    0    0
2205124    1930729    1683671    0    0
5349935    2758257    3621043    0    0
6599275    13979836    3654512    0    0
7912999    63007625    3728859    0    0
844901    3258248    506379    0    0
817308    4149394    3464173    0    0
6707348    322426    5642215    0    0
5725504    53195067    3299893    0    0
10839368    580470    5357089    0    0
213333    1087871    156360    0    0
6900497    1323176    763656    0    0
4618471    7440600    2715335    0    0
7861646    121936115    4533648    0    0
7299059    1944526    3806272    0    0
7263802    109569179    4147350    0    0
3380117    6899475    1991280    0    0
578172    2608796    326259    0    0
877604    978011    537292    0    0
6595188    2940421    3833865    0    0
8001143    4822351    4502734    0    0
6678477    74858    3859669    0    0
4786072    28367942    2414114    0    0
6763554    55393547    4489194    0    0
8820495    1365587    5342015    0    0
6092385    4053585    3846894    0    0
7674883    6130198    4317760    0    0
7497063    71792    4134320    0    0
7061199    4618215    3110577    0    0
6931156    61317    4041833    0    0
7328696    75371238    4355062    0    0
5426582    76473161    3227590    0    0
4351485    48172156    2196948    0    0
6354262    1214338    3702032    0    0
4340244    53649069    3041850    0    0
6801112    53397    4148883    0    0
9191209    3002249    4647341    0    0
8296487    4616682    4770998    0    0
5770470    87630101    5333073    0    0
444295    2063838    5364498    0    0
5016778    86115564    4475142    0    0
7090325    2181363    3536476    0    0
3220437    38210138    2534449    0    0
1039073    2495614    516088    0    0
6340465    760845    3911789    0    0
5332306    741429    3389315    0    0
7083427    894722    4513720    0    0
5442422    2630513    4082455    0    0
6978932    81757    3645825    0    0
6735451    67960    3642504    0    0
6231882    417213    3596516    0    0
643831    2100118    4729864    0    0
526307    313740    5529288    0    0
6027237    1325731    3450377    0    0
9918075    464734    5611812    0    0
7186644    63106    6157791    0    0
3894160    1276166    2504557    0    0
8861884    5428626    4396195    0    0
6411491    3110065    3103422    0    0
4050775    22264571    2936589    0    0
10451535    2051830    6761255    0    0
4740850    39503677    3362999    0    0
146906    165046    39857    0    0
5633528    1428183    3920220    0    0
6420689    4001210    2978488    0    0
6816952    2633067    3851239    0    0
531417    2573028    298666    0    0
5254638    2650185    3095247    0    0
7527211    3454208    4409737    0    0
6490182    1568190    3454975    0    0
6029025    91374801    4163189    0    0
718690    5788099    434331    0    0
4820818    2334401    3583230    0    0
9245117    1700278    4730630    0    0
309652    685221    4098295    0    0
461668    2126178    236327    0    0
4806000    1810905    2813698    0    0
5950590    46244    3856092    0    0
6485838    4005553    4752858    0    0
4755158    71281    2955749    0    0
5609257    74369722    2721466    0    0
6894366    3780467    3751342    0    0
7746420    89134164    3899270    0    0
7101311    945564    4097785    0    0
393963    50587    288957    0    0
7928584    10799256    4602375    0    0
9130147    2620293    4554855    0    0
734530    2943486    278994    0    0
495392    787672    232750    0    0
4103150    3406943    2768987    0    0
7929861    3010425    4664458    0    0
6961559    5138646    4679533    0    0
82268    245780    42922    0    0
5748242    69164137    4871150    0    0
6728809    101430    4222719    0    0
6702749    3430959    3396723    0    0
6864473    128307239    5426582    0    0
81501    188806    31681    0    0
6428354    1965475    4507334    0    0
584558    4434264    403162    0    0
8268895    105772    5124083    0    0
6675922    47246010    3505306    0    0
5865256    4159102    4268196    0    0
6272250    2786361    4751580    0    0
8243346    700294    4183884    0    0
6956449    1615200    3281243    0    0
5948545    1742433    3737801    0    0
8208855    289214    4826694    0    0
5485599    27669948    3409243    0    0
4942176    3326209    3447566    0    0
8011362    1775903    5343548    0    0
7382349    2362760    3485889    0    0
365604    1369930    3975151    0    0
6814908    27434642    4923780    0    0
281804    1465483    184463    0    0
7397933    1197220    3732180    0    0
10183272    51098    4982032    0    0
371225    583537    230706    0    0
1053125    629524    4438863    0    0
7374429    79740097    3475925    0    0
990274    4251844    3964675    0    0
4807022    34389303    2427144    0    0
3974128    2873738    2946808    0    0
6891300    2527040    4096763    0    0
32958    75114    15074    0    0
5656777    369181    2894688    0    0
6306485    2939399    4018838    0    0
8269917    93254    4675190    0    0
725077    1723783    4171110    0    0
8414523    1575855    4935533    0    0
894211    866618    436630    0    0
6890788    4211732    3872188    0    0
62084    84823    16862    0    0
6132753    1876054    3598049    0    0
753947    32958    460135    0    0
859720    3870144    4146327    0    0
6291412    3000205    2638688    0    0
5752074    3983070    4315206    0    0
5266646    2211766    3797585    0    0
4581425    3290185    3575566    0    0
68727    124679    17884    0    0
8435729    382722    5338694    0    0
363560    1303759    357429    0    0
7862412    2407981    3871166    0    0
419513    1580709    3799119    0    0
4843812    1557460    2221986    0    0
7138868    825229    5419173    0    0
7518780    3615422    4567884    0    0
6222430    97567338    3861203    0    0
3989202    16537023    2455248    0    0
6698405    529883    4198447    0    0
4307541    43745302    2463933    0    0
5970518    41999803    3847406    0    0
7582908    1768494    3859924    0    0
7663386    52631    6445215    0    0
7011379    4890311    4701249    0    0
6086509    6887467    3709953    0    0
6290901    3559981    3662943    0    0
6591611    3308835    3754408    0    0
10123999    121101    5383405    0    0
7495530    163002    4473609    0    0
5761528    93382687    4758479    0    0
7568856    4022927    5595971    0    0
872494    2136142    4603141    0    0
5064810    27105573    2336700    0    0
9015944    6014717    4714280    0    0
5129960    1625419    2952173    0    0
10264007    1562058    5560714    0    0
277717    2269507    190339    0    0
7195331    6182829    3421250    0    0
7120473    2018617    5748753    0    0
6497080    124679    3243175    0    0
10672789    3438879    6546390    0    0
3133825    24603316    2319838    0    0
5752841    11991878    3986136    0    0
5352490    3039550    3710208    0    0
4138152    47878089    3129993    0    0
346699    1992302    200304    0    0
7253582    69615331    3058711    0    0
941987    1018123    508678    0    0
995128    150227    491305    0    0
6915060    14001297    4531350    0    0
6983020    9603569    5146822    0    0
7275044    46719447    3669841    0    0
5263836    3073530    3429937    0    0
7029774    62387042    4168556    0    0
6436529    2825451    3444245    0    0
7475857    4754902    4537992    0    0
151504    241948    44455    0    0
5748243    2861219    3346136    0    0
7554037    2729131    4077346    0    0
5342782    4371924    3294017    0    0
169389    42922    92232    0    0
6977655    1648414    3416141    0    0
941220    1755974    1157365    0    0
1654289    1820613    255999    0    0
6927579    1822146    5280442    0    0
120080    397285    4607230    0    0
5290151    3907956    4725776    0    0
459880    1550306    176287    0    0
9462539    3226568    6081399    0    0
5667763    37221141    3165761    0    0
5334350    53543297    3413075    0    0
6964114    445061    5795764    0    0
8149070    1612390    5366286    0    0
4883668    49915612    3930695    0    0
5944713    1226346    3746998    0    0
9473269    1864812    5359133    0    0
6285280    71281    2790959    0    0
7550971    751648    3142768    0    0
4236770    33474141    2244725    0    0
6949040    498969    4350718    0    0
6467443    3206384    3906679    0    0
3079151    30723294    1879887    0    0
62084    192128    34491    0    0
627992    3029586    328814    0    0
7698388    136686    4450359    0    0
5001704    33469    2941698    0    0
7052512    3233977    6078845    0    0
5642215    4519086    5359644    0    0
7010102    129346311    3897481    0    0
142052    503569    50842    0    0
5261792    56265786    3445011    0    0
6294733    51900504    3355590    0    0
9463305    1370187    5518047    0    0
5302159    56964547    2671902    0    0
6268929    10921379    4024970    0    0
8188160    5140945    4217864    0    0
9978115    1340550    7184345    0    0
6198414    39090    3952667    0    0
6567339    55036885    3828755    0    0
6728042    2025260    3607246    0    0
7708863    130300    3902847    0    0
326004    558754    231472    0    0
5252849    2591423    3909745    0    0
9301069    2875015    5786311    0    0
156615    280783    50331    0    0
8054284    144096    3784045    0    0
655074    7604879    396263    0    0
1079184    1076630    3308069    0    0
2719423    2813442    1005604    0    0
5475380    10105604    3794009    0    0
5257959    2957539    2213044    0    0
293046    1018378    128766    0    0
984398    1489499    459369    0    0
755225    2374768    397541    0    0
6005264    5939859    4496092    0    0
8787792    997429    4182352    0    0
6673623    460647    3301426    0    0
508678    1861492    289724    0    0
193149    493604    111138    0    0
6142462    3587830    3336684    0    0
7100289    860998    6205312    0    0
725843    122123    441996    0    0
5027509    24575978    4549489    0    0
9825588    126467    6150893    0    0
298411    2055408    144351    0    0
731975    38323    336990    0    0
916693    4402583    528606    0    0
7643969    89421    4731397    0    0
263920    821396    98874    0    0
5057656    1563847    3250584    0    0
7478157    5799851    5116419    0    0
4664459    52878004    2413602    0    0
5594438    42164593    4139685    0    0
7590828    1658634    5832043    0    0
6951084    15719459    4510399    0    0
6883635    73506425    4304731    0    0
6140162    1797108    4474376    0    0
3406687    223297    1372741    0    0
6262030    2639200    3518081    0    0
6329735    2378345    3142512    0    0
6943929    1729915    4059717    0    0
341077    807600    211800    0    0
4696395    2020916    2990752    0    0
868918    4736762    386044    0    0
7674628    10549898    4106727    0    0
8486571    13388379    5629440    0    0
389109    1782801    224063    0    0
5609768    51864    4138407    0    0
7626852    2411815    5016778    0    0
6328969    857420    3280732    0    0
208224    888845    92998    0    0
86611    187274    36279    0    0
200558    1387560    112671    0    0
683177    450427    412615    0    0
8694795    2133332    8378499    0    0
4742894    36513436    2721467    0    0
6031324    753181    5200475    0    0
768766    71026    475975    0    0
4203557    25485518    2407727    0    0
6885167    2594999    4055629    0    0
4579126    56208    4111836    0    0
6530038    100914752    3707398    0    0
7195331    7758683    4418678    0    0
6328968    3581186    4276882    0    0
8137829    3530345    4516019    0    0
4489960    2459590    2994840    0    0
440207    2908485    7755107    0    0
4915604    1267480    3135870    0    0
4471565    24461775    2532149    0    0
8435729    2663982    4814942    0    0
8033589    1644581    3694112    0    0
276695    811432    97597    0    0
5661121    53694036    4911516    0    0
1809627    1004582    4787860    0    0
215377    679600    712303    0    0
4778151    3472859    2907207    0    0
684965    3298105    301988    0    0
7061965    429733    5766382    0    0
8244112    85677911    4653473    0    0
8788814    456303    4764099    0    0
4881879    31892922    2467255    0    0
5848905    67993233    3462640    0    0
5926829    113763539    3959821    0    0
293046    903663    114459    0    0
6401271    471121    3561258    0    0
7709375    1827256    4333090    0    0
1833643    4571972    837236    0    0
7763027    2105994    5415341    0    0
8197869    658650    5381872    0    0
4796291    3068420    2854577    0    0
5488411    1708198    2607519    0    0
10073668    93253    5953144    0    0
5173648    36615888    2755957    0    0
7193287    58966558    3144556    0    0
7311323    1581987    4320315    0    0
513022    2302209    235816    0    0
7258437    1053892    3652723    0    0
4152460    1617244    3020133    0    0
1161707    1247041    585069    0    0
4062017    35010395    2522185    0    0
5044371    56749171    2764389    0    0
3655789    33502756    2464956    0    0
5333073    2356629    3586807    0    0
5920186    15716904    3110832    0    0
6907650    85078    4054096    0    0
4327470    1379895    3472603    0    0
7899713    1715097    3992778    0    0
6919658    786906    4095230    0    0
8546356    1056957    3886495    0    0
7311833    1144846    5003748    0    0
5231388    1188279    2811144    0    0
10671256    2075080    5817735    0    0
4862718    2238082    3044404    0    0
5376250    59349536    3756196    0    0
7816168    13931037    4061761    0    0
7422716    852311    3861458    0    0
5400011    40687356    4034423    0    0
146395    552878    4259509    0    0
4653984    3037506    3308580    0    0
5372930    3322632    3295550    0    0
5809815    1622098    3985881    0    0
5484323    4147094    3171894    0    0
315528    25805    150994    0    0
5712729    3160141    4043622    0    0
7884895    1110099    5291683    0    0
5392346    45084063    4047198    0    0
7643714    49820    3754152    0    0
758035    109094    4065849    0    0
6966157    80251585    4522151    0    0
6771475    680622    4430432    0    0
4554854    50886725    3111853    0    0
1066155    1030898    611640    0    0
7624296    623138    4860929    0    0
6690996    2826983    6114102    0    0
6330757    301988    4229362    0    0
5588051    2771032    4792969    0    0
4155781    66699438    2750592    0    0
7805949    2235527    4195382    0    0
5377272    71793    3022433    0    0
4882135    477764    3506072    0    0
6328457    68982    4529306    0    0
186252    480319    68982    0    0
6346341    6286813    5081161    0    0
39345    62850    6069903    0    0
8067570    301988    3428405    0    0
4359150    1605491    2545435    0    0
5251061    2860197    3484867    0    0
9052223    3062799    4780962    0    0
4448060    11919830    2379623    0    0
4900019    2339256    3625897    0    0
4600587    1415919    2642776    0    0
6285024    66109770    3852004    0    0
7463595    1642282    3859158    0    0
370458    1753164    151760    0    0
5016778    1442490    3645059    0    0
6099029    2363272    3314967    0    0
5350446    3657577    3859925    0    0
5648091    3743166    3052580    0    0
1070753    7201207    512510    0    0
4152460    31512499    2615695    0    0
531928    672702    302498    0    0
5865512    94184411    3614400    0    0
2890344    4215309    974179    0    0
5720905    3041083    3907701    0    0
826762    5170072    452470    0    0
778474    890378    219976    0    0
52119    73581    11497    0    0
244758    1443512    167856    0    0
8990906    1237077    5233177    0    0
742195    76647    370459    0    0
7749486    1949890    4248523    0    0
5654223    60253711    3119263    0    0
4819285    1036007    2489738    0    0
6880824    1163751    3975661    0    0

