New MrsP    Original MrsP    MSRP    FIFONP-JAVA    FIFOP-JAVA    FIFONP-C    FIFOP-C
6970290    10625    11161    335212    264130    646585127    1290715079
191653    4357    34485    42015    46900    250200966    365459629
1189714    20881    22786    857668    445301    382505530    803778392
3537916    14763    17058    522859    315179    423385890    756947095
207820    17850    5771    2446643    1889222    767794007    937750932
10960481    52361    59991    1867931    9788866    213527604    2418875109
6904878    588604    601838    16235427    11746623    1840335448    2127709035
3480530    27560    16999    601590    323211    388460708    675534356
9379753    43030    48495    1687471    939046    315020507    676226416
4931953    55710    57835    2118347    1198016    392960433    627917607
8992399    23308    24968    750696    580157    278695823    592889147
1839837    19222    22007    482380    983137    466825852    1101491077
110150    230929    307014    17362866    11377713    3539746145    3621193806
3118344    198804    200989    19784620    12764849    6181183132    6390382021
2134153    18909    22655    540187    319428    228658509    378910373
250094    5038    5467    68686    40000    755159010    1498364975
1967515    397049    496913    16423074    10844507    2230335334    2150580457
1144188    15438    18842    340356    182623    181788957    272317740
279110    5315    5394    85072    37975    348908985    690091259
7519878    23026    25247    733990    533120    307807042    773899853
209667    4734    5785    1447280    736506    931967131    1291241089
230811    37610    40922    712117    343046    277763449    520647321
149315    4402    5429    33468    36981    330961897    683461901
3010012    169918    258864    8827964    5330531    1110563439    983443745
10226615    103662    110951    17773269    15045320    3599134686    6469518889
2285790    19739    22358    625195    309115    239380016    403850313
1895714    63556    72746    16652725    8251622    2439269015    2897599016
139306    4498    5405    49455    610306    264193435    444726128
621321    89245    115773    2028861    11578725    302404567    4810568541
4069996    81630    101809    24516213    13769632    4046306271    4146962869
547597    62553    67310    1941887    1205438    601465814    1153375386
3917598    36191    40916    1288399    719551    240292161    459241281
1404425    68183    73239    2208896    1489735    617828205    954205718
1794750    88534    67877    2118636    1177227    321109523    528894261
4008817    252117    185485    20198901    14854242    4085109799    4942100742
13363840    295128    320857    10741733    8761240    1078415188    1289645095
9905045    199812    224432    17955447    12923472    3437327864    4434011520
244650    5267    5245    65757    3472821    404236822    1734775020
4369414    464449    527028    13722905    9480874    1892647060    2339280428
1199577    484407    548995    8736133    5974658    1000942796    878683414
1337922    199304    234989    14497635    8065501    2418431601    2230624444
2446392    28052    53032    776071    553483    423474667    1240920528
1693390    952253    1079057    16722998    10448803    2978051916    3416656688
9949241    588727    896009    13906523    11053140    1957803197    1870182502
186205    5045    5504    24485681    13417306    5103624012    4440563049
819262    169096    241318    15484378    9502902    5353453185    3256457802
683896    8169    8607    183442    84040    322444733    584598786
2457370    123727    33204    4770844    2808613    900137375    1299226400
4526017    28090    30790    1143314    624912    458321997    1082218147
199780    18248    5610    52897    29603    329545351    601987045
7650846    531082    681093    18018347    7935506    1820948679    1336199586
921489    11011    13123    262261    163894    238158712    394831140
677367    65167    57363    2309331    1421820    751075282    1146192737
272395    34837    8637    114805    828764    274570345    596077418
10495368    77140    55446    4359473    2078992    512479430    512002980
4391497    592915    638273    16609458    15592636    3147026348    5692519058
1463004    23800    29750    712119    453433    240735500    422474266
820592    10404    13114    346899    127977    317138910    380779041
898000    8032    8483    119808    68077    298860026    480472214
175091    4634    5413    51421    31028    365198962    639595339
373250    25157    26367    653898    425457    287115415    568133825
942510    267983    257399    9942701    6901341    2137101764    2131516822
2397836    397123    375282    15582831    5655989    2704360722    1598817374
4223292    149840    155903    15678720    11955095    2695121466    3395075747
13535241    460564    553313    11026932    9043671    1349001082    1800751828
242592    5261    6506    83799    33335    284056120    627254400
7829498    489497    544704    17149665    9973034    2732906342    2990551998
2636130    110481    82284    4577181    2488576    659496259    645086746
152094    4975    6588    1506856    985775    520281966    855390762
7759050    119942    171226    9484004    8596012    1596880390    2480598867
2006418    12610    17407    14507296    13438271    2190583580    4401202315
983865    10589    12487    307169    166943    304428764    623625672
1394773    68480    102676    15757562    10840785    2224184108    2091135764
6070425    39954    47581    1655420    3413821    282592297    1393280599
4937403    189797    214351    21899514    12480517    4602519712    3635935641
169853    270084    315503    18843450    11131416    2556339385    2899379021
111512    237854    272297    16491564    10395241    3057681806    3174543603
5143725    21536    25364    913294    503096    333211408    512903732
204189    64750    11840    333362    10528082    230658500    3523570256
136909    4642    6359    51480    30999    202777292    294940237
2088144    14694    17972    619190    253901    495381124    698377445
2937375    58376    64512    2109220    1225567    256206300    454883010
838800    9644    12247    13588774    10436307    2242826913    3440595993
9107216    224038    46537    17916914    10803806    3291452055    3135898134
245388    5569    6654    527354    350413    490365198    1234826388
499492    39574    45750    1065355    716082    185839265    292888425
999657    113033    160924    23392279    10954711    3797664615    3179932002
4392994    31350    34929    1317776    672076    458696850    862701220
2017317    11041    12339    266949    153265    381836802    921284487
1879508    27833    31789    899962    499623    221185299    433298757
2704953    281207    317431    13062809    8444200    2045501832    2336942830
1241815    12551    14781    252976    9510616    204220997    3739923817
1400782    21588    25689    2608712    10871137    1114160094    6753331664
72859    39704    48175    1634769    871202    422764226    975157807
1848418    21319    24127    662540    470434    536644939    643768905
237061    4966    6253    70156    37283    351458891    684980339
86025    4494    4872    12021797    12625539    3637601762    5977221217
789419    10307    12557    229190    137927    153693489    234036482
1646707    13686    16913    510427    252350    269835126    446375592
2738386    148594    128764    18974415    15233833    3408884378    5065659543
260237940    662563    740421    13512492    8858171    2201853305    2007048892
2542193    18024    20778    668096    406559    265654627    503103984
5358561    25823    28089    812878    448422    277574205    488268022
1360838    12441    15790    342430    165320    198859917    298366446
3744444    32719    44505    17720710    13620402    3641303085    4206710598
2865682    40764    46251    1333982    11542707    260285363    4193321839
535741    12011    12380    317723    225659    331843970    681883522
496325    7366    9432    164412    70992    180018539    300766406
1567379    76599    135438    17882040    10959581    3595743933    4830090386
1231666    22919    24936    624094    748476    184696085    249266801
6641954    35235    67566    1415158    687368    232120804    291879037
962903    42774    50670    1861494    827574    343668187    616813712
3506111    401848    439496    15639810    11684505    2168812077    2439444582
4522628    169741    203984    16268932    12142329    3135615249    5775975524
314209    5136    6618    2178100    1235206    544833022    770762227
838094    482839    622110    21350362    12483296    2651617950    2797775214
3678752    305562    341980    14795363    12135317    2129186728    3550591541
6830812    32557    36818    1178084    799830    388749379    1076966963
6542934    62786    39505    9615310    8899967    1585390214    2448901346
3343423    14534    16142    421267    245908    234796264    350433129
3903193    164906    164347    26455443    18688605    8992090557    8993266464
100208    51767    36103    444813    725654    227201810    497081144
3411832    12699    13758    820380    479421    308461201    392133936
3223878    34053    58045    651734    319921    255248705    352593847
181551    4207    4832    43035    34635    401354720    969569166
3374300    25179    29926    849099    448614    240587903    391323385
699355    53784    53346    1394313    11023906    180337438    3565072390
3836355    106725    98719    4993653    3194020    688402646    903314123
137104    7194    8070    123704    86237    322602259    818497981
10094440    39333    45478    1481845    779884    313371173    495757662
61280    19299    22254    683376    384164    342549393    782266979
22502640    381851    391646    11294719    8770943    1712141162    1845474149
1102181    230879    292567    20696028    10998518    3452485255    2956178200
2400089    15134    17689    314256    581376    423568685    927482219
153128    9946    12613    419167    233672    339869946    790359814
1113797    19392    21723    564093    332562    272370121    458390945
119647    4372    4940    31739    12531087    199764145    3435632423
4431984    183470    204641    14065171    10264962    2702290928    4324251708
8060238    294209    309783    11219017    8510208    1660817698    2325154130
3438628    22266    29225    878310    380655    239161474    512456695
2481732    119316    126911    20910962    13988328    4659747460    4587704862
5300828    257150    262714    18653955    10090672    4483978988    2798263276
129035982    395318    452176    10299139    7144744    1220938160    1499792248
3843713    20618    23462    784461    411173    431310349    817477462
2001965    13212    15940    459167    266032    219005385    297634204
2043608    133350    118723    3660492    2449754    723822324    832340693
67858    4191    5353    28994    328758    221249812    467803428
166680    64819    131204    5960775    1386822    1252706360    1093803484
121537    64668    108041    27474933    15742962    4444276080    4252786281
13973191    369544    410798    10701322    7119053    1367312745    1439110626
1761957    248434    236508    15203094    8019489    2765773898    2539094056
2311227    282717    354273    10481867    7778477    1034871031    927335558
1731107    27303    16316    18518203    11225929    3424082862    3856095047
6980797    149873    145396    13968054    10566178    2811090137    3210624513
5541684    37315    51575    1229930    680302    246839754    500645676
211556    4883    5002    43952    36937    296300949    658825259
535329    261067    266356    19866511    14571359    3513570207    6002577377
1713274    21293    24053    26243761    6650568    5868869498    3161816951
9697874    446455    538688    22737082    11079827    3111313199    1940630903
547274    8123    8170    132041    7661108    204238471    1976746356
4793502    25393    25556    972015    531228    420250551    935094627
184701    56996    79119    1571093    876079    295720718    662442713
4420731    28156    29748    943013    13011922    229212249    4387024083
5409516    94556    103424    6103329    3464608    1059773172    1760546881
8052870    510250    583390    19781179    10975087    2989737547    2772974226
644641    97779    95768    19670653    1458777    3205683286    535701548
2282192    14035    14086    425534    242085    438134731    705528406
279603    5285    6812    76570    37855    353955516    652469202
4764583    27142    32259    15391431    1614592    2117841454    579914853
2244224    186879    160640    19137671    12478718    2889785029    2858552769
5861515    425586    573835    12963581    8559665    1319799630    1741904578
2044953    162138    219455    22895656    13969625    4680541684    5633862315
4586619    94697    95072    4166392    2712135    547095189    680547945
13803547    388106    465368    11906013    8869051    1608578066    1503450797
152088    19669    22341    727029    372018    236360401    498166144
255249624    335136    436915    19111600    10533693    1987760397    1580709648
77340    573456    668811    11757722    9060243    1917305874    1993799902
7364772    139552    155660    10826583    5901745    1752685542    1746081116
2523551    11119    12101    2187062    1362161    599854206    1109081616
2116758    13549    50479    514132    11121021    292507126    3620300927
294725    5485    7196    151710    44408    441861383    780726164
2728554    49475    52454    2198449    16915801    360013616    6682843009
501100    7339    9461    193994    1132752    251339651    897760279
268782    34081    40032    15656200    1557950    3212274288    815881906
1641758    391821    420346    13718063    8898153    2776909880    2784784612
1815601    10872    12880    362006    181606    599695905    604523864
182548    51853    55997    1967702    17461034    509705355    17865916261
6376793    33397    37676    1072967    634720    220362140    563150376
3025301    55379    62293    2134441    1120474    326382755    727349549
8068806    44120    49833    1274549    784093    178110072    347977427
2865065    190361    186983    15741146    7644033    2835613673    2562072336
52995    80131    128366    14896625    10653422    2598134302    3472612655
6071289    39993    47141    1486174    690845    303043995    495641985
183939    294673    271329    24351419    17043155    5681361088    6128182040
2825293    157947    25284    14979346    9191019    2823563839    3339016688
258608    7696    8646    141406    623630    274537021    551028822
7168862    34940    38656    1202199    700474    223370193    509281710
1027745    160768    149243    26810806    14774837    5623922656    3976785393
151734    15405    17952    430853    333507    394197509    757904210
1227747    35563    40031    1520615    716853    385117387    773648134
1913402    40443    44002    15025682    11237631    3257691839    3531945812
1224557    10582    12264    237501    170573    758098719    1981146351
91068978    306914    371863    13692658    7870876    1643451451    1501444331
112359063    383031    420346    11905189    9001753    1198090566    1102009981
5022380    66348    74580    2250257    1522457    556675572    1005628965
27810731    372293    364723    11566226    6859783    1578197015    1233861504
5650341    303676    419407    15302301    8959135    1851878893    1710835164
1638645    14131    16644    387486    198045    292119806    528805908
29519342    379634    413770    14618512    8420367    2553206387    2154476565
3337675    551816    591355    15614701    15595909    3013613534    5429154409
1470660    44929    48302    1345280    1002243    253775638    667774498
1870279    16664    20715    2249177    1392353    589685235    881667794
63182    465260    611100    15016985    7785639    2024841855    1547968865
68327    4307    5557    29418    9432480    163038213    2924583691
168117    19076    20383    560770    477532    402395104    726540211
237057    19423    23229    795410    443467    251647918    485430661
128226    28236    33217    1147990    646108    274874991    383022993
1478360    46875    52065    1630421    830521    241717567    309958973
3278871    113685    160190    15254598    9002304    2711697622    2461353567
2582730    10205    12114    360438    217430    662663218    1262023986
4693077    80423    86538    17333058    2853939    3267513998    1256368946
85996    33197    36924    920353    630851    181939097    413757953
1098759    10308    12954    422485    170838    511325705    927841064
632189    52016    60205    16611623    13709665    2485506051    4725583271
5172007    25132    26285    1052259    563233    310961061    639920584
2737158    14731    17806    404594    260541    262472065    506668342
830703    7729    36235    247653    103111    265165712    378020951
3802873    49124    43678    1315789    9164734    175569052    2576647527
272959    230438    249749    18963188    9945325    2299054314    1818706698
4466724    198226    231699    13112651    8263116    1463057841    1607974666
965624    290991    240476    21180824    14180128    2760541243    2992166558
812412    7469    8897    184763    78926    282218719    382445426
624659    28268    32084    1083193    597786    283440940    540542948
6039589    153760    216167    20091131    12344778    3129864630    3367827688
1306799    8280    9724    2558056    1719417    2258482424    2815271579
228832    6587    7493    65585    53432    203724890    306774351
12700643    427778    465272    17994034    13290367    2337311387    2666348145
2521562    19233    22632    609028    318918    237570695    444745549
840775    23382    60315    785868    479882    275603547    533629187
1002277    11760    13383    361542    122048    215323155    210093750
9449271    179243    220269    13592921    8645431    2259950998    2361543245
1119956    15903    18879    471761    324678    395788453    939209845
9617802    29562    33450    1104800    666831    607574249    1182581863
1204939    9466    11624    224865    1188096    433812301    1201826950
1212224    87476    98679    12883342    9650246    2058787410    3054960873
5864980    224321    295230    11516618    8797353    2445569341    3261479961
2596988    17004    19473    535359    357916    209577546    320895318
4231176    160427    238011    14257569    10072270    3657613530    4152397798
1528220    688929    761827    12252552    7680522    1612387497    1419153027
685896    8641    10456    286913    165878    499139629    1031050433
1001803    17878    19170    506434    286485    225484157    302377309
93365    348128    411169    10121914    6382037    1697703770    1689108694
207864    4939    5232    926430    564349    596738666    1004374356
196053    20616    24541    12829307    11898950    4015893808    4547514331
2096068    223208    249928    14542578    10930635    2122620384    2746238705
1361344    54740    59758    2213450    1315663    371137317    478428773
1534989    10382    13059    363117    162433    226634067    414691268
5737016    21841    24443    949552    559126    364404993    706032469
1224833    54962    58421    2794538    1805953    608429782    842039538
10594311    578616    680458    21563230    12802460    2654104685    2703804243
3833410    644899    794841    18254889    9657108    1752537504    1534953206
793703    7972    8505    119969    99329    272040163    564062248
1662892    8209    9326    174958    1172071    199587934    770932932
13815415    601142    751741    14772687    9134270    1662491645    1869152074
2986069    19949    21823    501633    2569184    151995631    1284068350
282887    104742    146642    16497166    9145523    2402527239    1930733532
233792    10649    11364    229077    1493016    389818404    1939831891
1762027    7961    8510    153026    11217497    246454631    6461209540
1391216    360408    395076    16363770    11051515    2899315200    3538946775
2691267    275663    354331    12575467    7251335    1706576798    1754340911
116071    14130    16066    421312    287950    209405985    402632617
199662    5152    6549    112696    34452    362533770    711668692
467926    7301    9950    231203    73639    314429543    679087760
3832356    18196    20794    2575173    1391980    659158700    1012319383
591078    7453    9820    230035    85107    305306784    694912546
9996959    571623    887929    19917959    11396849    2361191511    2535612057
6815156    85783    95896    17553617    9739584    2016489175    1991377853
4275290    698305    771078    15215829    8733149    2002772484    1464414782
750883    7902    11002    248277    99454    356071673    618037900
228714    267892    245883    21846555    3534017    4064139970    1160649273
545935    7706    8673    133872    11468023    308435054    3456181590
5343168    252543    372402    18691644    12598175    2191370668    1845354489
695783    250366    249168    12739265    9267001    1414299982    1933896773
8083371    92896    105858    9536242    6090609    1776871234    2155417386
4642942    92105    99925    19256969    13962702    3297356349    3615674660
6877618    31985    34446    15184788    9868746    4656227623    3164082739
820792    51715    61064    1944657    16119404    325817124    9425261718
1069028    7616    9009    199056    142113    171336433    194678549
634829    52134    56287    1768204    1068556    386090967    899589182
8591796    30615    31929    19544696    12510339    3943071955    3527538906
1010177    330523    356301    10698433    8501538    2129688422    2638243528
3357236    22829    25016    877815    1123555    399319858    796355222
1223966    192738    241127    16899623    8709410    2417353439    1874364758
284508    35134    39504    1007327    679451    141040308    217214446
6507843    39841    44852    1492101    676560    236491993    356803177
801774    264830    307394    16188007    10310945    3180182547    4364383123
4964909    35559    67327    1225986    767961    359637577    812302274
569628    13348    17121    447848    215635    360456809    638670420
320249    21177    24073    634208    326859    253655479    501321172
193699    4916    5808    58373    34805    229652121    395708477
6232723    167420    228675    9997038    7631583    1357166127    1283210469
4455800    19549    23912    544005    347334    185127433    367426668
4404501    23641    25689    14096491    9032845    3222423499    3025584155
6256774    404781    467451    10517545    11305022    1955289575    3203519434
2479616    14430    16124    2514601    242378    457031521    267614626
7455077    41706    48416    1575885    3148037    272712842    1224477041
194479    4776    5772    53336    29036    366727195    610221817
2237300    25384    27752    788771    533694    232301621    482186059
1691531    56322    61388    18401899    12289200    6868127529    4693136838
1109551    10574    13400    328223    145239    342994017    498606859
95641    56147    60325    1920241    1160568    365760911    634108036
2335934    457177    523291    16853541    9209246    1949644859    1461277946
5107202    37738    41903    2562038    1465099    310545118    345980133
10695874    273273    294085    21763846    13622864    2892098928    3335424307
7441062    48532    55046    1390913    834448    129198987    206691574
702277    244392    222848    16745334    11953084    2359976055    2259382052
1842339    12364    14241    240704    1682072    166957808    795605113
1412010    14398    18247    325097    174487    223804154    340917035
4412387    39803    39012    12562144    13096393    4192665115    7554475667
3618130    154172    180317    15878326    12016057    2158959130    2639025211
1124553    7691    9024    184341    116029    280060564    538781719
1631729    10802    11825    233138    169548    226514324    509851526
435175    31891    34130    1256282    675460    397320579    655784093
2983459    147263    145449    11637586    10253201    2023860441    3664067212
279472    15885    16754    485074    297939    282198718    355149856
1481409    56764    63942    2426133    1231320    437154199    970898041
1079174    47087    96655    1626925    956292    231992987    458048583
3193705    22545    27471    828160    380963    309065902    637688064
4209981    20745    26037    1349966    447254    344038914    448352224
1520520    396142    336719    13636293    12539539    2113155887    2812434228
1661791    37370    42638    3770015    755073    801633321    569922369
4469495    20084    24128    870257    448747    352076899    881772522
676107    7299    9027    121870    81715    426937810    846019552
120333    7243    8239    152416    2143304    241952717    899704847
4765963    160228    43602    1077958    8569821    151262779    2379866258
1296478    19578    22700    1488519    901361    264257169    478658314
2322135    19793    22324    561829    345237    295238842    517095391
4494722    50238    54648    2085640    1101985    426061645    828278658
259379    5141    5725    64865    36374    400456132    768135060
116854    4638    5515    31977    18488    163388428    314154414
6127051    207056    269509    15545039    9050253    3692570444    3964867109
189192    7483    8696    238518    133376    309660217    416405603
737064    19845    8140    151466    85857    324898925    793202750
10268592    835115    1017333    21697590    13149366    3532731516    2725361137
5751299    1121229    1292615    19795837    10365458    2805743278    2092939658
1759728    147455    44761    21364216    13038615    5714797427    7296181060
594041    30465    33143    1630857    840055    323875710    382896379
2514522    973767    1218227    22478489    15857672    2864019654    3364335733
37396    9720    9942    127368    1919166    430231298    2204718794
4743435    220855    219488    20841520    12067970    3022253525    2831430758
2721107    14589    17231    571341    343243    279954972    403121730
94476    4117    5365    27556    713184    247628468    513976323
3831129    134963    145132    18858765    10843908    3948403990    4476037518
1211635    7522    8149    130126    89849    470066046    1015836153
97267    189593    248809    20397244    11151889    4826731076    4791264237
679699    8209    8420    138056    109710    555062756    1025066454
155597    30264    32328    1158753    724824    299131153    646324059
4477823    124211    82582    15781926    9670342    1577103110    1307461290
831613    10541    13737    336901    194173    259130416    309492515
6415965    28778    64455    1339073    659689    419606105    514213431
5539150    23966    26319    637316    390851    239126151    471241003
2045896    238026    324132    18793788    9249668    2562192476    2433120354
3967529    444398    527933    18529480    11467686    2142416688    1489471407
2592791    18867    23466    688538    317268    413493091    520274792
82871    60150    71936    15426938    1845579    2146509645    848664558
233358    359404    364488    26493992    14678390    4163683706    3253883912
3746797    20175    22551    769951    354204    296914117    644161985
163885411    404672    418303    27944443    11366352    2413568103    1066106460
1631450    1424907    1864120    20509066    10800343    3569533307    2691121532
4169614    104741    112804    4054662    2460981    500331851    537118343
2242692    19887    21769    702700    410320    318360720    441954671
1445986    111042    121139    6674251    3036193    1435774448    1456781014
1685024    34716    77658    982029    548779    161760812    245054327
6393702    306825    286519    16839385    11553361    2919929512    3517341668
3542987    18218    33618    667602    12982869    351367481    5867912805
1198334    10522    13484    336896    152699    236933816    383881586
5064853    478027    563968    12647726    8850530    2113825680    1985077862
2377825    16591    33388    1346371    683014    287436637    500271347
230081    39052    33856    1304536    795906    339282163    701048177
2756597    139718    158838    15899105    11868747    3571049831    4701261152
748206    328980    424264    16163526    13727229    3614829126    5971314948
9083337    35413    45606    1174781    728449    192110496    335086385
101363    4564    5114    35775    56261    324466941    577642371
6772007    528011    630989    13393571    7474169    1432535495    997674874
3615152    37431    40658    1259826    721225    247320342    304816313
1503366    160284    178103    15610093    11102009    2912629729    3354879018
184820    5034    5442    51555    34052    218135129    339348777
84644    25567    29355    882953    569586    426740797    1012897039
9218108    334237    41455    21193573    12271786    2879510497    2493843199
2378652    71026    59893    1560048    864118    291013779    560339511
2865696    31113    34148    977511    578813    214582335    311353960
1742399    11238    12658    333397    169420    242762570    550078214
2989020    19758    24011    1080793    544082    269098295    472508095
1043086    7578    9077    197566    143180    490956016    979946136
5595870    201727    213042    13412875    9587543    2949981245    3975034052
9855356    246248    315886    20585899    12449748    3641078334    3274659922
188155    7850    10638    210147    110436    292486145    511446150
7758920    71787    44554    1276026    8017436    192279545    2181213447
2811982    39141    71204    1180158    844341    248002521    445854562
843933    107952    122300    13072682    8125760    2116762247    1877781487
1213790    12881    14823    439689    167856    248374999    508619542
188604    4383    5309    47576    32378    226355937    375496322
3447505    11079    11527    280524    256805    363925214    673465678
165545    73778    84232    6518152    3136299    1372252484    1344810793
108998    230964    195817    18615077    14496109    3641612309    5035868296
3818923    25659    28131    779660    9469425    185130860    2230770122
2748219    49627    51491    16895421    14577363    3160538134    4249959901
2653483    30564    32637    1081296    741142    295412798    599952980
4785341    114576    109488    18801826    13269162    5963883395    6884991656
4543209    27444    31837    1000568    530092    529139131    1136186845
439882    48691    55440    1500270    853080    301537187    552791992
6554474    337767    422717    12513407    8416435    2151518693    2800213946
755000    423423    540875    16967143    12894998    5056310658    6188748437
41072    26913    30454    902680    536606    484976956    1076792104
7211286    32848    36001    1229585    697312    589719842    1143137982
591017    19478    23664    16066434    10568802    3650787907    4015767553
5995288    40596    48055    1248480    703877    135581917    184311789
196014    9912    12023    2129441    1322980    712133535    1319544081
7695571    30603    35400    1275940    754699    480475064    686400727
2425712    20237    20824    634630    477457    462073227    1119049757
8293503    286287    347389    16584193    7726574    2259514100    1593174678
1083910    13975    16022    377277    267979    416231828    931544467
365035    9985    10928    157475    121099    232864653    428760186
2074284    27850    31083    1004038    580745    279164917    518371685
496536    7791    9836    182520    84940    507558227    847166356
32193326    474802    498160    11374683    7915190    1467757502    1526465494
2077126    21647    26993    808123    375159    396270770    566012145
1847225    14015    17026    517426    232910    332663287    714772394
2107261    21365    24456    17994801    13593505    2404902255    2986113663
2791414    88915    82826    17230701    9962275    2416328646    3437902849
922632    48038    51859    1509753    939223    252580317    565949356
3330152    698114    810954    15669274    10049445    3533653531    3525216602
7001611    309517    318028    14873701    9077020    1998442155    2659428803
618415    7556    9438    150964    85566    240939730    376543806
1221795    162842    182230    15184504    10979841    2738274215    3429969881
4915403    31029    70578    4610211    3923817    665506436    1480062363
102877    48179    53342    1698239    893820    314734694    452566756
2748240    18665    21648    503321    353785    279671754    461556877
3551644    36707    43394    2178818    1108458    227867670    350680814
244641    173126    207196    22653828    10606178    3801886146    3479464397
5268598    26435    31148    1896692    994512    311912426    543994480
9398199    27602    29292    833280    1609607    376092808    1608912052
171212    666792    680185    14998722    12476874    3526207119    4758942661
7995535    526942    637863    12926920    9951018    1470563969    1662213891
335428    7064    8126    95506    61822    195428004    377856811
257284    16242    19059    581093    2837440    312264022    2571934603
2268024    107731    161593    12528368    7414257    1333316623    1155959956
1366844    16806    19463    539156    280407    322468497    811881088
150499    757720    930761    20459010    12602164    3030869990    3287429223
6393488    136840    152572    17661019    11898755    2063557455    1904492023
150229    41836    46168    1495891    954794    230324333    441720465
7464004    53321    64057    1349441    9592530    159644075    1584771411
2019185    48729    54176    1429286    1869988    186124111    818498985
804131    889549    1187931    14714041    9662086    1856326832    2115127375
960996    7712    8169    206526    134582    239888412    337800326
261614    32637    35519    1278002    783433    343312592    633600986
492050    7005    9902    10524908    7068530    2542606549    1898481449
554041    28210    32144    914522    588618    228333089    360971649
562498    820700    945297    13609645    8470999    2452658044    2762476937
1263299    10687    13991    316817    215898    188510393    291539831
4792002    49334    51240    1487476    936535    370483765    743718789
155371    227244    175650    24634673    5361536    6397244348    5527572683
3234452    287811    394161    15740835    11063599    1975014470    2101888838
200062    4649    5284    1454696    972826    286877153    520954404
6867074    45026    49298    1504451    908230    274290890    381798532
187132    58179    67590    2050020    1168597    302763124    650665407
2833477    23911    29200    4403755    2417208    855864767    1099381941
508639    7401    8984    157656    82937    250286987    508053975
1576266    45402    51423    1551085    837104    177160549    265527941
9866680    182082    169751    13653188    9681207    1950761267    2906689744
2572989    46328    15509    355248    293979    225101825    473855467
134624    218030    191964    12412362    8527831    2283609551    2629815207
2506819    75426    19255    5914765    3007747    1607228523    2261541710
1157519    8190    9135    346855    127141    391880885    931884947
709678    12215    12376    227939    227242    312925397    524871521
5960606    42589    48525    1329602    709602    222969592    362432209
5403900    40696    46624    1229045    7329828    132665979    1173945861
7262324    26603    27733    751820    601545    441425558    1071967007
145928    191035    247690    16052754    11204720    2083372002    2101172738
657464    45387    26747    2842240    1893873    746119969    1263938930
1877520    853627    866463    16166472    8342235    2462247372    1719495623
660782    7296    9037    253242    166859    530032223    1290342026
372987    104770    113284    19414543    12999854    5687797880    7629488176
2089640    17039    20588    521463    280350    244816828    350545363
2008112    45813    51527    1428102    918196    196116629    330938345
138873655    330573    435997    10861307    6813922    1142284294    960992074
183401    10811    13329    399754    187688    318599175    915642234
1145371    26787    30589    860906    470461    529179087    994693458
2546391    91410    81403    22577601    15623470    6686896272    6777561933
2615281    28859    33286    1350101    650065    254307038    471178041
133507    5142    5935    147948    131755    272446929    639626680
149781    36817    40121    1155459    751655    275527674    628779862
724380    115797    178434    16378697    10775812    2468175503    3254574210
605016    69220    10320    1822862    1061780    258968302    623738869
310323    7522    9049    228533    244326    395080194    868780539
53251543    501113    592176    14152823    11059412    2277644897    2170060532
9655276    61055    50897    1893742    1009513    602460784    1395197202
2240274    43391    49507    1636548    913675    281289158    432581141
273903    12048    13675    463668    246002    419472437    732525797
60446    23443    26549    808399    502887    397958494    957854127
6102967    23247    24193    3238220    1980788    683985803    784712180
17247212    423371    499969    17727228    9175676    2680861335    2098820526
157862    3858    4952    35523    31417    269279747    528669537
14179640    475726    556885    17507519    13429983    2179344502    2212932581
178944    57716    37577    1395936    720439    300100584    418254356
7293718    38315    45862    1500635    730334    226508175    305676211
2311209    100689    85168    2387047    1672796    487040563    633954316
3728789    131856    147109    22163113    12889113    3170020396    3581787939
2676178    17232    19743    663089    322150    449366782    799988360
3650598    50839    57974    1657246    904982    259119992    377024659
1088586    23825    25732    615427    520270    288557313    518897759
131614    4917    5670    42374    418182    287118157    401077286
199310    4586    5019    52504    30059    416862155    813626498
2836089    13196    16103    362943    226104    625430422    1749430133
2261192    504121    596388    12147263    10500626    1627659020    2238793785
827630    7234    9047    205503    100050    483933050    1185376480
561336    357347    386774    12600002    8870844    2056582424    2106482882
3636844    22786    24731    623140    441035    176720555    289747087
595966    90420    97507    21578666    17111783    7840635145    10006553629
152038    8095    9927    2439051    1447224    595418761    748807399
2064424    13543    32118    545577    968637    345483454    647314036
121443    150834    159424    13766269    11699791    4395731823    5092258110
116267    160696    169008    15797542    9024537    2354599660    2049269846
349475    54209    70701    1691975    1024548    205697005    477363871
221132    22833    26276    679379    403646    370744228    756196916
2351841    13466    16425    584859    2142086    263105610    905183115
4590763    300052    289875    15317955    10147388    1938275074    2209809542
2310961    707008    795287    16860264    9963587    2829677869    3194629018
708254    29326    30684    1038196    13056752    271324506    6201932703
43581071    300618    384888    13332484    10159754    1723128854    2089789109
1182782    24998    26638    989315    665369    387491774    864076550
2590585    174451    204450    13304331    8677237    1965165175    2318810054
1808628    7402    8180    24715935    11247940    5674222116    3940387200
245183    55157    67892    2019723    1133520    332381840    481241098
3874733    21547    23298    788618    428794    293284141    622027133
4551645    26436    30978    1066564    552124    298571962    432209947
4387009    150815    163961    25454653    13901107    7293251886    8188428909
218651    5282    5755    58117    30963    297605913    728407142
1785216    48558    47849    1344070    9752239    305543506    4970084935
7155680    41741    87241    15633803    12052810    3520170975    4525441813
216788    25898    31309    1046362    531140    292867666    474008229
1286023    10573    11968    1634364    937673    220639977    322436175
2811475    16988    19998    568698    273278    490368345    986158548
1060675    7843    9019    182996    109944    249629335    473273174
4163061    255909    260905    15079847    10894692    3809050390    4888561433
1998304    115199    126529    18644200    14063692    4733772968    7545207234
2201919    36635    42527    1122991    615632    181543846    281144724
1713721    10164    12653    312383    498102    284172868    578241224
5441211    686207    781031    20576674    10996241    2972183539    2340259188
4064140    531904    782674    22206208    14803543    2322693063    2667824231
2082546    11068    13517    478621    15699764    382007600    8098122097
151270    22967    5393    925303    940743    488343215    879466557
14872944    329080    346182    20547950    13302048    3956106089    5592383579
1691983    55140    63267    1927010    12262529    190006353    2511892140
152588    71772    62220    19597799    10701782    5295311248    4837955832
62073    16779    20571    17296612    11211378    2882408999    3078499450
1490717    45357    51617    1495928    763112    223765465    377413547
2719472    17626    20148    499801    323455    180677771    339759929
10272935    727189    875369    19486974    12420352    2551131331    2566117054
8297307    41437    46926    1683551    785586    296020748    273983143
3938416    47189    50500    1532176    12169539    198550538    3340072277
1530358    12003    12290    288978    1177616    253867384    516800391
116988    36415    84806    2719711    1805850    514751963    694531579
1956427    26663    28338    1985045    1275255    271025930    400892685
1689938    39008    41529    1568186    893645    243512976    299255699
1709396    13237    16398    372114    258263    298837464    635967358
3013599    17173    19780    552893    298226    311353063    586809638
4075283    854556    1101370    20890165    12188030    3499542906    4332458094
200704927    521048    662062    16951771    9044060    2029659673    1525554824
4350511    32609    38450    918602    467945    200322954    358214770
98508    16493    40169    1836548    1053991    371652183    964902752
1877736    300268    314281    13328766    9588686    1892260829    1861122215
668807    7677    8703    163713    95935    293244960    686278481
4691805    28191    33129    815318    539942    172784068    295769624
2801014    165599    183881    17559003    11717836    2713615921    2802038268
31978    24252    32070    15089837    8026193    2291812011    2314714611
211540    150068    163393    26107571    15377067    7695040541    8645377744
2564437    28511    34020    1178282    548664    493221479    877068457
3635132    765333    871540    4820248    2798370    828123169    1062602140
914899    264146    257060    18302147    11032164    4278725376    5011906166
117133    581990    745129    13291888    8329796    2126537629    1787235551
144530    4029    4724    35252    30017    243091197    503308743
4774437    44985    49143    1367603    851115    254374349    753558544
1398220    587718    711200    22288573    10496312    2291898403    1315389022
4029921    16864    19225    706970    481798    281323107    593366597
4105827    36364    40219    1134614    9719260    229759511    3611793701
2089706    76300    87587    27554905    3035178    6035936221    1339955423
79351    77033    89406    23148518    11395005    3564146052    2907065071
505886    100688    113921    5804544    3256586    920307219    1373392932
161533    40116    43565    1271562    972807    390326727    965722794
7056565    35791    39779    1183592    724333    161726770    312019589
924856    7593    8173    313110    202516    278434621    442869980
5238615    34964    41207    1101354    674164    266692234    507258167
19287359    423704    561151    20641803    11459210    2200983141    1887321932
2552302    456607    477310    17601544    11580534    3747252579    3393303430
227526    14013    16558    663139    1455190    499339065    942840861
11138517    471907    525026    6962696    5476805    822278041    831533481
469638    18924    19838    458679    11110346    224546410    3846895683
953901    1455297    1742741    17109173    11771131    3265157042    3119351424
1008912    7966    10378    274482    106630    233178162    250736692
366052    20902    25394    580466    379313    361429929    664335817
14253857    307228    414240    13656323    8861653    1700918452    2017108808
2403851    25683    27566    1238046    757991    493199561    1315153659
3701448    49824    55320    1541422    2014839    148213130    525950414
382023    111922    181554    16421537    8774849    3318662881    2548392497
6297762    187264    189743    23618108    13863299    3328969952    3041517218
1820184    31862    37169    990052    555154    201428705    287758506
3206614    47482    50349    15954859    11529513    3326368279    4081879119
1898428    373878    490501    12380674    7630323    1590857614    1801229804
3814038    48285    57679    1694975    851961    174606918    242641629
167701    7430    7680    152749    170858    463613172    921433772
204317654    430066    436957    14698741    9025698    1922812930    1665896007
2877034    10162    12329    372025    220820    499428246    1095246439
1945937    12660    13388    304323    257766    193597824    310714002
532186    7716    9185    200952    120007    624244191    1137115724
205955    28254    30821    1167876    718341    296882309    504961828
325001    911266    903974    14670627    10918909    2396369741    3341882755
2676028    25666    27365    933290    476945    326249858    520959159
2650213    28908    34638    1235875    717558    380710519    656866785
4455296    495841    551281    15203608    8088286    2048127020    1454488264
1171995    23077    25293    832012    538620    344830494    730043703
784805    7560    9752    249968    91473    532209618    835938611
93203    34551    35380    1049698    12018437    430056016    10225037107
71472    4091    5025    1153642    713767    225391492    399331142
391978    84955    91165    5758399    3909370    1448087285    2726781262
5520942    52257    56983    1846543    1082132    380731245    545241578
1608844    60606    69081    2380355    7921312    456191287    2392030958
660816    33125    66592    1152392    665577    302316010    667001197
215003    37382    38866    1180719    724497    271601338    447341710
6512950    40573    45917    3324878    1791397    572369773    887915201
1294470    11238    12661    310606    153154    482045861    762141496
1366108    27193    30929    808334    477099    281226189    376947668
245300    44770    48732    1802012    913462    408385976    531140047
44113683    306017    360695    13836045    8506147    1243417629    864783247
6900994    439484    611629    13517441    9479881    1652929575    1946286255
1454741    26354    28948    804710    539061    221256492    318088381
3312254    17490    19043    545940    9236640    306107634    3070292969
9547144    348162    442429    12373277    7476733    2028624793    1830496152
678992    259409    274389    22673485    9998588    4459630621    3400320474
4760694    119733    113766    21131899    11719498    4948207744    5325267597
831824    125427    133511    13981573    3979265    3335594593    1904750433
773556    537282    635229    18210235    9546674    2996396968    1827589530
1570810    26414    32500    1039731    452339    230303516    323059540
5754814    56165    94966    2230367    1113470    309170005    434780200
140453    4877    6050    55456    28549    413093284    834072597
3466842    30473    35074    986780    509104    200627749    281873035
297306    15536    17108    282264    195967    225243291    332458107
83853    356494    385905    17576122    9340429    2704081279    2785869314
5176630    37537    40438    1429166    842118    556365544    810746274
3108397    28060    28769    1034239    627221    669497987    1470331641
4915682    602552    829571    16195125    12855054    2182211969    2408481765
89223    164356    133943    24142297    13231614    3252242946    2973989686
474671    21584    23891    705180    468255    444126187    1270359849
494002    237757    253818    16788560    13925637    3281062748    4761544934
4111096    31173    20869    1061439    579291    405543398    527837737
136917    5351    7496    118023    53702    323657058    643437949
5913456    29544    36854    1192081    489177    248244764    480179837
532120    7376    8649    160498    375312    297915623    574516864
749658    20433    30370    715567    457449    404550590    1028880567
511761    29713    34065    1271683    632536    361421421    484632740
34299190    440437    460114    12682568    9586588    2635136087    3218493294
193737860    353618    351612    12680721    9351322    1476221123    1847064202
1558623    32719    35261    902196    561763    198754035    336832408
2891767    85407    59256    4164555    1047374    631400410    402079072
2925897    18791    22566    2922588    288287    684208706    321017432
1057148    10371    12287    229146    11344724    216172449    3814861758
1159308    151567    180748    21986683    12996143    3917659063    3098984425
327659    890058    1128404    15564952    12015661    2064393414    3439198765
8407178    683952    744035    15285992    12402478    2120104930    2489667209
3416297    24372    26908    793274    406600    249011348    352021655
4946767    132186    156380    15833524    15763277    2816147458    5449225607
3970866    26412    63657    2857722    516681    694623064    493896403
2395768    163433    218258    15136486    9912031    1866887490    1659302682
109469097    424243    432313    11024018    9694671    922355945    851958552
166699    374511    486829    16090457    7416106    2291412162    2111450561
2743012    23368    29179    982209    418177    372708211    880026285
1925472    22807    24990    699488    464870    398309770    1101046893
117590    11295    14068    293062    227310    381678935    998934195
939465    172363    137994    4766597    3097951    870303448    1147191133
3291981    27976    17029    465122    307030    256107847    314558864
3696740    26651    33672    1582471    1906515    387880328    773061590
2597375    18276    19786    748370    413754    396457875    742423659
8108763    30878    32005    1090944    655603    360896918    556223410
281139    86995    139778    18991683    13052998    4403437570    5159797477
1375714    456542    519010    16777999    9818408    2096032542    1907946687
2044791    87223    119121    15837876    11444898    2135105968    2575513475
691336    7853    8599    129762    101220    397292716    799430212
13779820    476360    602729    15340569    9859077    2560213171    3027449533
899946    20883    26177    915519    451899    315422432    624304554
87037    17354    21571    527226    270921    310638723    623282174
1160520    33162    36778    1098550    790151    345789767    671941545
178901156    386329    409607    17539480    8828989    1954919624    1385318888
4140505    21118    22745    681916    496331    362830225    421688603
7513165    40063    43574    1551269    766754    334307893    487186555
7216941    148129    213567    8570046    4040844    1917580515    2008903486
10373439    329626    424654    13437565    8727182    1608160490    1085496429
6853440    763348    984993    15813758    10630998    2144808365    2356496599
4225654    742439    932919    17625225    13185246    2350647495    2769923187
2665837    18470    24175    785870    331631    209131783    282328816
3969409    16810    19531    575882    364443    427810628    1194635145
204038    42456    47327    1596207    914436    481611017    967575093
1960110    13743    16117    281937    234999    381900749    547702262
1794383    10361    12353    291272    135591    430302118    708534638
1139891    230875    284422    13981855    11543280    3175471185    4816904165
227304    4874    6206    115863    35985    325149699    415372049
7697081    45166    61866    13107134    11033372    1793829595    2329529296
3034326    533959    659297    10870937    7714853    1267290021    1289585074
3155796    154113    183206    10796698    6783746    1551431309    1385638089
2791371    60641    69771    2371765    1157436    297451122    360213544
8839610    395057    447486    19352474    15104173    3244100905    5056671216
1692305    229322    268900    14347189    13208226    1919544526    3262043166
1609072    107958    126808    12734415    8082913    1368012963    1127231264
429359    16609    18606    421317    258497    273181859    504883969
926065    599083    827729    16363429    15924902    2361043061    3402663723
1183009    12929    15273    326559    169979    172820125    264036209
1384271    10594    12869    310741    213027    315617729    536626478
174606    5277    6879    14984227    11066749    4002249197    5962385730
2871250    15838    16698    564691    293284    314935928    640742952
144812    4287    5197    30931    3086262    237773212    1819320791
223251    14399    17618    619729    286549    518101219    931831104
3927333    26092    33530    868087    399489    190851643    305641598
2852297    314259    339112    14679723    8965053    3283388675    3482424568
183737    4638    5500    87498    12070153    356080462    5340614520
230191    22480    6992    101655    36357    307718215    476162593
1042237    20652    23858    731994    406098    298051917    415007448
847285    8920    11112    2583631    1474847    763387180    1524514697
1060916    75650    83088    20154473    3955628    4285877503    1496952580
206207    315684    289471    14697075    9441242    2382394392    2959419364
164182    356735    479907    18030800    12251345    3342081823    3748184654
969071    612095    705848    19354619    14896078    2959410054    4613942176
1774772    401109    444081    11638731    9035726    2616712879    3060190627
145958    4448    4260    65901    43926    359236582    582155658
98004    159496    183518    16971026    9852710    6787419411    3795043375
5331571    128328    143672    24720414    12318358    3637005745    3092937382
1078761    27076    30925    1013184    607359    305773078    581477050
701075    9696    19676    169864    101538    219025623    266608910
129197    18020    20620    665988    373619    309175778    735321400
91679    24481    26959    872324    2088899    425941476    2088846589
1614438    36493    27232    761167    514603    274985871    633179375
796418    16993    18941    1716509    1001273    316897940    408904951
6614190    31832    33746    1280206    711013    380715760    699941307
500977    36066    36919    1128851    774245    243516099    640285210
1094021    9689    12951    1976024    1303782    462359489    774103892
221922    5166    6854    978015    554303    514121343    1112648733
1162625    46556    51174    1325148    999616    300541374    595953892
8247593    150543    206079    14550863    7718000    2016999249    1929114689
1320349    7722    9054    182647    115803    287265043    495555560
9077039    55634    58869    2046036    1126762    298345945    417177907
402345    10607    11591    320559    162673    413130070    659691447
5044836    506168    571616    13406778    8624517    1822269706    1508032270
1594206    292989    421491    16231999    8847732    3316917883    3357157159
636191    46280    50051    24078969    14007432    6245618459    5232142722
6941070    30671    36535    1115024    597550    193769526    313815974
206458    16354    21217    638982    280360    321919430    803209839
133915    45026    48077    1517504    1053611    333225346    611860273
4896763    46010    49820    1633788    959875    274494472    546539221
10707451    100957    108769    5767998    2300350    1179758007    698706334
3706029    23356    24693    772760    535420    345037128    890311107
2330984    14289    16134    502885    289295    373128195    1034460411
259860    281769    257505    23169572    18878683    7852773267    9577305305
3848063    26344    31212    975973    541864    238445768    495037984
12488697    448165    512073    11690531    7945773    2410674136    2273043218
1751745    31543    34259    939072    663252    199178532    352775069
230913    23184    29663    1629598    888151    285138246    459181308
1027699    226151    223384    4283289    2601216    725486691    802847544
2403634    221547    241878    14657870    8817203    2710996941    1901577033
7627318    549888    661969    21319680    11416000    2413490884    2288816028
3179675    52976    43854    1418372    762890    321976451    909287016
5552374    575706    648790    18313865    11680060    2699176936    2192900147
1527108    33806    39672    1007806    566118    189466409    312527750
4972682    20694    23488    844632    438291    353127105    806976643
2187626    13145    16753    1284009    741287    365234035    791286165
8731913    482193    535185    13650173    9290627    1949675147    1606060954
232274    15669    5612    98381    35197    268029767    533316496
259420    7118    8656    139305    63298    215922431    348580769
110381    17463    20736    774018    506818    405020423    771243570
502092    64840    71721    6262201    2447894    1060891850    963969546
232971    5033    6368    64503    37115    493324373    1044608155
3046120    34058    40427    1249783    666177    383168092    598520417
3221329    13498    14800    500348    245525    305547393    595209515
5367235    39803    42692    3605232    2182651    670507020    840364717
648138    89013    85242    13462569    8301273    1917512287    1921297460
1440183    125157    142579    15591301    3327408    2773453279    1317353742
675488    18964    22777    503729    330847    239604077    451161642
2703037    56310    60309    2088716    1141514    229659134    329381901
5036550    13069    15294    615117    419293    360730896    577258531
6530687    131053    92996    16916462    12523189    2923099036    3522263932
1154749    10454    11279    214614    179330    307076287    700358335
6825521    46319    47900    1686261    921645    403515952    736957001
9722681    186072    114145    3739283    2000528    405362389    401868916
257831    10025    12873    334939    1048799    383966823    1120442630
4742603    21945    25767    1475714    969527    249631486    505920106
2266684    136518    190287    10996635    7939593    1741179158    2300689878
3272687    64005    61229    3929808    2163679    518124799    630589460
601975    231594    212914    21528882    3107544    5329251591    2241382265
168049    4721    5817    22057466    11399425    4791076044    6593777362
4705766    27093    29647    912532    602767    211544223    524853234
14875544    694359    844682    15175703    9123083    1836554003    1768185109
5766167    694507    754997    8376015    13331516    1114523392    2111305968
5785143    22922    23722    885461    536631    506872641    1352195230
2398407    20673    22853    773441    441601    512049440    1036379912
3653162    29620    31470    966793    569420    208740914    354704218
1821719    20925    23929    737112    511644    454828570    663176570
7066367    31262    36968    1214085    630640    313689356    404083092
3775055    17770    18475    588551    495194    256210044    482315671
2812492    13624    16790    468499    233827    455076592    1063928422
152222    13550    15345    510958    380950    818343490    1352864704
162501    147909    156641    13825183    9639101    3350605103    3083998115
1841762    13773    16362    438406    9412190    294068357    3415815551
8200915    57071    46277    1082376    603161    325915742    537677903
10031605    181720    258024    17672671    9268999    2496603297    2585342986
2263973    215314    277015    13937499    8674310    2279495159    2303098504
1672643    81304    83332    13124356    8230937    3887250938    3932232419
5419440    119306    175097    14873834    11236378    1853588876    2115903313
4157261    44613    49056    1530640    2726093    230288230    1830308751
1896168    13680    17042    550765    277113    599656969    962895781
180845    26625    30413    856648    523231    314126422    612767099
210472    65452    72685    21603124    11338183    2843257365    2403540188
140394    69347    66886    1568562    933261    385621656    1057550367
3272907    35128    38998    4349796    2638571    722575081    880918144
2085646    14715    52904    590754    230537    175431015    245153657
139009843    302719    392936    13701836    9364088    1465268753    1318609509
1071702    51749    56828    1872979    1204559    520331763    1412027692
3532088    70066    74342    14903639    10933579    5940329138    5330965539
5213565    24225    28043    832926    425873    236133223    328934240
5556807    35888    30566    5483208    1965709    1279866003    1017866549
1553665    20796    24228    836612    420432    235892880    347216013
7081437    46687    51345    20893281    11244662    3878300378    4471351419
3853884    19194    21174    611031    360916    318229500    490275873
9693149    944497    1013586    12403506    10032186    1459723881    2182853251
866327    7050    8444    21632589    12470687    5020878263    5382602530
1585754    184784    197693    16524169    10608860    3103115731    3622492922
4645987    75408    87490    22086298    1678130    3865126927    947518742
5615624    166125    149303    13884855    9283978    1875807205    1864566241
145183    41132    74146    1478813    12047208    180371375    2613660473
411622    48718    51857    1463575    1098671    174523864    332450090
227715    4973    5548    62588    35380    353406448    661192801
128983772    355237    362901    13129599    8057787    1163337467    927435925
2748406    21019    23543    675408    286975    222183322    246118704
165625    5270    5797    59367    60655    336740090    576859894
2759176    19003    21825    557198    373160    140360804    234845297
7926007    403986    490039    11612816    7700081    1283431142    1573084191
112259    387532    447779    13978870    8989347    1569414764    1770032619
5288641    494454    588778    16170703    7215469    2464876272    1848813445
58692    15657    16354    385034    262820    275265884    472020573
1705890    26982    42276    3381491    2013924    649145973    886256164
2583810    150329    212341    15424256    8879628    2004855534    1774648239
3777864    41610    49567    913480    574137    365258842    777671528
138223    4508    6044    43966    24999    294040081    530043080
2004074    56938    31533    881159    532902    143693531    183071411
9580648    44297    48766    1598428    1286453    327300533    641891709
11308085    50380    57857    1582339    838548    226858741    416493057
5397182    720833    821556    17985722    8026216    2579751679    1865786245
5230413    40962    47786    957140    780647    168336098    301130361
871918    77462    72535    18494619    11415902    3115907726    3531076187
8180919    83310    69390    1764175    1235738    341711564    931603465
201165    29887    34023    963250    546227    340441958    597301552
228858    5238    6598    70339    33995    282380731    496801185
9430057    40054    44670    19614290    2049773    3449091921    804125260
478736    13688    9810    458830    239341    296719939    555717586
644659    629724    712769    14500634    10664842    1988247470    1935280250
12186108    549538    626349    18398996    12352740    2446300828    2829300503
130018    554613    662626    16168611    9103979    3046814855    2446681231
1216324    99071    108442    3810769    2534575    729897036    1624515470
3870967    27870    30686    951869    582040    246951547    423156288
128901    4530    5836    48818    547820    316423301    570148933
4351061    21524    24174    705719    433639    278881172    376160699
181242    53580    60172    1903155    983429    276588842    513990662
2606237    147361    133615    15487899    11599985    3192310857    4301690504
145085808    470600    577143    14009636    8675624    1422309157    1377674005
3363690    45025    49331    6795125    2449593    1607047525    1645779648
6551499    42034    47126    14769253    12519598    2381590586    3316912339
144219    4229    4855    4113700    2385926    853760597    972162580
5027567    45542    50962    1150326    687546    145457410    238855830
225618    467306    530696    15961667    12365938    2840931561    3660721344
2134380    24297    30538    815299    421590    174914000    364303393
133387    4544    5964    49136    263716    370889041    1009625288
152482    21261    50067    29560883    1823045    9605207108    986452860
150444    52486    40793    1002055    680613    377503057    1048445012
213961    4912    5923    68817    37721    401126644    812551848
3164098    26144    29447    685867    366622    358963815    553175184
55178    60730    79733    14800375    10062106    2831423901    2924104809
6641298    88212    96297    5557746    10268759    1370022044    4862916290
82201    35976    39873    12555565    10515330    2629115341    3419071802
270215    4999    6131    92349    43132    569273709    923308902
2206572    13594    15971    413146    244155    213876289    361315650
2263683    257132    263418    13500174    9619919    2177724146    2104860956
3937077    23413    27633    838377    477482    448829730    1483245663
140747    4476    25021    1214027    836777    361413259    668441586
1272702    23049    24789    710133    504526    222697365    299453937
63859    4590    5571    121071    476387    291713291    622376016
1805855    406114    504125    16142789    9398034    1589445978    1179192090
5163290    163120    222765    17198318    2852609    2835997956    1032230142
257102    5367    6870    88551    37294    281009722    485293314
1705629    11988    15120    18219858    11450444    3290066350    3765532046
681522    14571    17270    461791    302588    321083863    735948987
2056331    22921    27715    21739998    12053905    4965774001    6090524915
881104    248010    327363    13048452    8919519    1823244490    1717567185
5554448    26417    29284    840656    501725    298860072    584364648
842906    206870    246438    13911606    11237636    1900326516    2957680317
1643816    28241    37137    1563672    888978    640565510    1042396837
2759117    13903    15607    541995    347367    393348325    683431895
6893054    27552    29317    1004527    1931545    219338768    888127177
1166483    248843    289529    12135452    9529662    2450903324    3691847013
1580481    10644    11001    228062    148002    323946993    658590863
6240142    31498    35512    1157135    645224    236485403    367509907
241918    144088    162400    15465191    9927686    2488340748    2706691019
164362    8125    10439    4247151    1326902    1133033653    972928163
4295408    44332    50611    1444556    749502    212750169    333273322
6430021    23911    27172    790600    497843    258594060    547356868
5591482    43705    40388    19416330    10201424    2741767282    1947689388
4319547    38061    41851    1414337    858881    471720715    841614972
1164004    327420    398262    18699973    8584383    1931975275    1402562053
6111177    151883    159801    21658558    14070229    3757513616    3684002941
4744876    51063    58581    15588937    9656868    3699739686    4623256589
956645    117341    169647    18330457    10271114    2812724693    3229493762
3022521    11576    12934    437279    3436945    303701436    1305656399
186275    58840    63639    13776463    3448179    2893208113    1428008097
1552448    403030    550408    16688343    9454865    2018295162    1611653821
2408633    8163    9495    289496    251601    523882368    991866148
2087451    57206    63932    1951047    13367102    227254040    3794472205
7562244    424940    465604    19593623    13468072    2625596363    2207152741
997112    17601    20898    672586    316641    285473808    518037538
13518465    58554    63740    2292885    11784673    261769155    3527683430
2248221    16681    23878    385258    325759    254884950    474506716
154793    5229    6215    296995    151830    375762339    669145480
1149193    212585    271497    16265854    9995670    2052485286    2507865441
4769056    52778    57779    1826567    1135139    188910437    256808857
1364273    673898    814206    16237806    11328309    1692597165    1502117556
1897574    9203    9725    2626152    1515580    683195199    1155318404
1733084    21549    23274    2796511    1407900    648464784    988906395
2605839    17800    20621    479931    345499    250418222    459872520
6990210    21951    24343    963583    545373    305090868    354568600
2343216    30091    20899    4497505    2451967    1041092487    1141557044
592530    28150    31340    837162    506773    218713124    474859930
1075465    13368    15512    477358    748072    650592082    1442991845
937379    251943    257626    14532960    7472568    1882522019    1916274438
1627473    16140    16713    19165449    9818919    3022450364    3126891214
5703801    23672    27590    1316028    717288    421597526    848268687
3408437    14751    16808    670418    294455    277573839    541876852
2244684    11809    13017    338171    11503181    232568519    2467082370
7373249    55319    61769    1797752    1038596    241448464    447249171
412132    40051    46683    3268307    2714925    388874971    759431088
4304836    26456    31756    1025067    8454846    158816299    2037675755
6478663    45103    50867    1230220    1596543    138041369    448593830
4142657    23263    26126    1485774    839620    409545009    680820928
9005551    50964    58150    1730592    919598    249288553    366105466
949802    63038    73994    2227694    1276349    463098427    604613404
1602952    127192    149240    5540725    3281729    1095489080    1111659435
8288536    448721    620395    11458422    8681186    1747331538    2484923841
18528052    385360    468555    14238736    11254772    1737306940    2089465534
1587884    35062    39666    1187978    793614    288838805    682622487
7280897    167694    197213    19369626    10855561    2971371102    3335572882
7472108    26879    28827    997468    622504    288381109    564870331
4857560    23860    28118    764401    438654    330679278    660872181
1009900    174142    224086    17511750    9930111    2800652804    2522246737
9325741    1097753    1374147    12350195    8357687    1717962964    1537648645
3047492    295848    343117    20172257    11785884    3407300104    3999452908
709867    31811    36363    1377201    1194394    309662307    457179269
840572    9667    12580    331374    123251    521791394    1067774999
4132059    31311    33612    973131    620752    249678545    379177133
2131291    16057    20467    528383    269283    374300081    560568338
6703475    41901    45757    1451679    692755    418097078    846973239
179793    31216    37487    1093422    818158    191273149    370054688
174223    5096    5077    50934    30302    298881367    536529754
2364425    10977    11986    324629    236966    273358243    436866451
2030671    192835    218565    17698907    12687892    5061998711    7122976158
7381556    279401    387580    14894391    10472155    2664293924    2580677714
4133993    25512    29214    894722    553354    352463756    665160490
1838721    156021    192083    14958885    9661366    1785647559    1835775436
6174217    37682    41940    1239643    773031    253928902    526969383
3212510    146708    153410    23933114    14761391    5749285205    6223448329
10128130    160231    185226    18124892    10655469    2324913126    2423376229
3966926    152861    221111    12194561    2616949    2039617056    873039220
5652740    31233    33909    1078512    706412    405298328    522693773
1379198    49212    49689    1791530    15701479    343258747    6330956518
2684686    67420    74740    11594703    1380285    1752085938    790043802
606182    63976    79708    2335775    1315604    550647060    524530835
965911    16009    20054    462112    340256    191848413    310091706
2785137    18878    19964    2490561    1674171    680656985    1018614958
489146    7238    8957    137404    102004    768561515    781641575
10245924    567084    660441    14382116    7756078    2555354214    1982661390
190532    40903    48222    2257591    1076757    438770543    443621496
1938295    22976    24010    659549    442359    534796796    927533234
3625981    42334    35162    1044682    542798    403428227    506159421
6544898    42336    50407    2979596    1810550    420268712    661255953
1170973    28657    34359    880313    477227    241177975    602054246
394661    10443    12462    285261    134075    293745062    607310691
6673338    31201    36582    1027362    595960    208260663    336010936
7559901    34252    39267    1173465    887238    356493587    912451735
63993964    312583    422396    10828686    6383588    1744320549    832632338
98204    4670    5439    29580    19721    238069042    702516923
3158357    24995    57500    1470334    1036664    460227190    1139360985
771770    7693    8213    109865    74666    405872530    920385396
7515778    27934    32143    1191742    636085    366018245    386897784
71742    24349    27952    815201    510961    306274304    565608954
7604609    47125    50523    23072025    16750654    4176503465    6394663512
1162971    24622    27366    639425    512914    306847350    615865156
2235432    28602    31398    1106895    11990333    395673395    6215961992
668536    7778    9192    170642    103517    241328308    391274701

