951 959 957 912 912 1000
950 951 955 890 892 1000
955 962 961 899 900 1000
959 961 963 900 902 1000
945 948 950 894 895 1000
951 955 954 902 902 1000
953 956 957 894 896 1000
949 953 952 883 883 1000
954 961 959 903 904 1000
958 962 963 900 903 1000
948 947 951 889 891 1000
958 958 960 903 903 1000
953 956 958 897 897 1000
954 959 957 906 908 1000
953 956 960 893 895 1000
951 958 957 883 883 1000
952 959 958 907 909 1000
953 956 956 889 892 1000
947 955 952 891 894 1000
953 960 956 898 898 1000
949 952 951 890 890 1000
954 960 961 898 898 1000
951 956 954 886 886 1000
961 963 962 908 908 1000
955 961 960 905 905 1000
959 955 965 898 898 1000
962 966 965 908 908 1000
949 952 952 901 902 1000
953 957 955 896 896 1000
953 961 960 881 882 1000
967 971 973 906 908 1000
957 964 960 901 901 1000
960 961 963 907 907 1000
955 959 959 898 898 1000
947 948 948 890 890 1000
961 959 964 899 899 1000
957 960 961 904 904 1000
959 966 966 900 901 1000
949 954 955 890 891 1000
955 959 958 904 906 1000
955 956 958 897 897 1000
952 957 959 888 888 1000
961 963 964 900 900 1000
949 954 951 886 886 1000
952 954 955 903 903 1000
958 952 962 905 907 1000
964 965 968 915 916 1000
957 965 968 902 904 1000
943 943 947 885 885 1000
956 958 960 893 893 1000
956 961 964 905 907 1000
959 961 963 905 905 1000
955 954 959 902 903 1000
953 955 958 883 883 1000
957 959 962 891 894 1000
951 956 956 893 893 1000
954 956 959 910 913 1000
958 961 963 914 915 1000
955 955 959 894 895 1000
953 957 958 897 899 1000
967 971 972 911 913 1000
961 972 966 910 910 1000
948 946 951 891 891 1000
956 956 963 887 889 1000
954 955 955 906 906 1000
951 952 956 888 890 1000
950 955 956 903 904 1000
954 956 961 904 906 1000
965 961 967 910 910 1000
962 968 968 887 888 1000
957 967 965 898 900 1000
957 956 959 908 909 1000
955 961 961 902 904 1000
950 960 957 890 891 1000
958 957 961 898 898 1000
960 962 964 888 888 1000
966 965 970 905 907 1000
952 951 953 908 911 1000
954 965 965 905 907 1000
959 962 965 896 899 1000
963 969 969 913 914 1000
954 954 954 892 893 1000
952 953 954 895 898 1000
939 947 948 887 887 1000
950 950 957 889 890 1000
945 950 949 892 892 1000
962 968 963 902 903 1000
948 951 954 881 881 1000
949 955 954 888 889 1000
961 968 966 909 911 1000
940 941 944 886 888 1000
957 959 963 896 896 1000
955 960 957 904 904 1000
957 960 958 898 898 1000
951 952 955 892 892 1000
953 958 963 900 900 1000
959 960 965 898 898 1000
947 955 952 889 891 1000
950 950 953 878 879 1000
951 957 958 893 894 1000
952 955 955 900 901 1000
944 952 947 893 894 1000
947 950 952 895 896 1000
958 960 964 900 903 1000
961 966 964 906 907 1000
945 956 948 892 892 1000
948 954 950 889 889 1000
946 951 954 875 876 1000
958 963 964 901 902 1000
962 965 965 901 902 1000
950 956 956 904 905 1000
937 943 943 882 883 1000
939 944 942 887 888 1000
948 955 956 898 898 1000
956 960 958 898 899 1000
948 953 955 890 891 1000
964 964 965 899 903 1000
960 963 963 893 893 1000
946 951 953 886 886 1000
946 951 952 885 887 1000
948 954 953 894 894 1000
954 960 956 882 882 1000
956 957 959 876 878 1000
961 966 965 905 909 1000
955 955 957 893 893 1000
937 944 942 893 894 1000
952 949 952 892 892 1000
954 964 959 896 897 1000
955 959 960 892 892 1000
952 954 956 889 890 1000
952 956 957 886 888 1000
961 964 966 905 906 1000
949 952 952 897 897 1000
951 956 957 909 910 1000
955 954 957 894 896 1000
953 953 956 895 895 1000
954 950 959 893 893 1000
951 956 958 905 906 1000
953 956 957 905 908 1000
959 967 963 904 904 1000
960 956 961 890 891 1000
951 956 958 896 897 1000
956 953 957 892 895 1000
970 965 970 909 909 1000
938 946 944 879 881 1000
951 955 953 898 898 1000
945 952 949 894 894 1000
957 965 959 911 913 1000
938 948 945 893 894 1000
946 953 954 882 883 1000
947 951 953 889 890 1000
960 965 964 900 902 1000
967 966 968 904 904 1000
961 966 962 898 898 1000
954 957 956 901 901 1000
963 966 965 910 912 1000
945 947 950 890 893 1000
951 953 957 897 899 1000
948 951 950 897 898 1000
957 958 962 894 897 1000
961 961 965 898 901 1000
954 959 960 901 902 1000
956 963 961 905 905 1000
943 948 948 897 897 1000
958 954 961 906 906 1000
954 960 956 894 895 1000
966 967 973 915 915 1000
951 954 956 902 902 1000
944 948 949 885 885 1000
955 962 959 899 901 1000
954 956 959 892 893 1000
942 947 946 887 888 1000
950 951 953 888 889 1000
954 960 957 905 905 1000
954 956 957 906 906 1000
952 954 954 896 898 1000
968 976 974 915 917 1000
950 957 957 890 893 1000
959 956 963 889 889 1000
955 965 963 900 901 1000
954 953 958 888 890 1000
944 952 953 896 896 1000
956 959 960 890 891 1000
955 961 959 895 896 1000
953 956 957 900 900 1000
955 956 958 907 908 1000
956 963 960 900 902 1000
958 961 964 912 912 1000
949 949 952 894 895 1000
950 953 955 898 898 1000
957 955 961 906 907 1000
965 965 968 918 920 1000
964 969 967 899 901 1000
953 950 955 891 891 1000
950 951 956 898 900 1000
960 961 963 904 904 1000
956 960 958 905 905 1000
957 955 960 885 886 1000
956 963 958 893 894 1000
953 956 959 898 899 1000
946 956 952 885 887 1000
952 959 960 897 900 1000
956 953 958 911 912 1000
945 945 948 895 896 1000
953 957 959 896 901 1000
966 964 969 910 911 1000
967 968 969 901 902 1000
961 959 964 907 907 1000
947 950 951 892 892 1000
962 960 966 905 906 1000
949 952 955 896 896 1000
950 956 952 897 898 1000
956 958 960 892 892 1000
959 958 962 886 888 1000
949 951 953 890 892 1000
953 961 961 908 908 1000
952 960 957 895 896 1000
949 950 954 892 893 1000
936 940 940 886 886 1000
958 962 963 905 906 1000
934 941 944 886 887 1000
958 958 958 890 890 1000
964 964 968 903 904 1000
956 966 959 905 906 1000
964 968 969 901 901 1000
968 971 973 908 908 1000
947 952 950 901 902 1000
959 961 963 898 899 1000
946 949 953 893 894 1000
955 959 960 890 891 1000
953 959 959 898 900 1000
953 954 959 904 906 1000
956 963 963 902 903 1000
963 963 968 915 916 1000
952 951 955 901 902 1000
944 950 944 893 893 1000
960 958 963 890 892 1000
956 961 959 895 896 1000
950 960 957 888 888 1000
960 959 966 905 906 1000
944 952 950 897 897 1000
944 954 950 888 889 1000
959 955 961 909 909 1000
962 968 965 915 916 1000
957 960 958 898 898 1000
957 960 964 894 894 1000
964 961 966 893 894 1000
953 955 956 901 901 1000
942 949 946 894 895 1000
953 958 959 903 906 1000
959 966 964 905 906 1000
949 955 954 894 895 1000
951 955 958 895 897 1000
955 959 958 912 914 1000
958 960 962 908 910 1000
951 950 954 896 898 1000
944 956 951 880 881 1000
938 947 947 890 890 1000
948 950 952 893 894 1000
959 964 963 905 905 1000
955 962 962 900 901 1000
952 957 957 897 899 1000
944 949 949 880 880 1000
956 958 959 903 904 1000
964 963 969 901 903 1000
959 960 962 904 904 1000
956 958 959 904 905 1000
948 954 952 885 886 1000
955 958 961 908 910 1000
943 951 948 878 879 1000
956 958 961 905 905 1000
958 961 961 906 906 1000
954 961 958 901 902 1000
956 963 959 904 907 1000
951 954 954 898 899 1000
954 959 956 901 901 1000
961 964 965 892 894 1000
952 958 957 897 898 1000
938 941 942 881 882 1000
937 936 939 872 872 1000
953 958 960 886 886 1000
960 963 964 899 901 1000
956 960 963 890 892 1000
942 949 945 901 903 1000
951 956 957 895 899 1000
943 948 950 884 884 1000
943 949 949 871 874 1000
943 952 953 884 886 1000
948 953 954 876 877 1000
962 964 964 899 901 1000
951 959 957 885 888 1000
953 956 955 905 905 1000
948 955 955 889 891 1000
954 951 957 900 901 1000
944 945 947 890 892 1000
961 965 965 910 910 1000
938 945 948 872 875 1000
953 963 957 886 886 1000
962 966 969 908 909 1000
951 959 958 896 896 1000
959 962 963 905 905 1000
964 965 967 906 907 1000
953 960 957 894 895 1000
950 954 954 900 903 1000
949 956 951 899 899 1000
964 965 969 909 909 1000
961 965 967 905 905 1000
945 952 949 889 891 1000
954 961 961 891 895 1000
959 961 961 901 903 1000
952 956 955 888 888 1000
942 948 945 874 874 1000
944 948 948 885 885 1000
970 971 971 910 911 1000
958 969 965 898 899 1000
954 952 957 896 896 1000
958 961 961 909 909 1000
949 953 955 893 895 1000
956 959 958 908 909 1000
956 962 963 881 881 1000
965 965 969 896 896 1000
956 960 960 898 900 1000
959 963 966 908 909 1000
945 947 946 885 887 1000
943 951 947 883 885 1000
938 948 945 873 874 1000
961 962 966 899 900 1000
956 958 958 897 899 1000
947 953 952 886 887 1000
929 936 935 867 869 1000
949 955 954 890 890 1000
948 956 953 893 894 1000
956 963 960 897 901 1000
947 946 948 880 881 1000
946 954 953 892 892 1000
950 958 957 885 888 1000
954 953 956 908 908 1000
942 944 948 887 889 1000
948 950 954 887 887 1000
958 962 964 903 904 1000
945 945 946 873 874 1000
956 955 958 908 908 1000
949 957 953 894 896 1000
946 950 950 902 903 1000
938 937 945 866 868 1000
952 959 957 897 898 1000
961 964 969 912 913 1000
958 964 962 916 918 1000
963 970 968 915 917 1000
952 957 956 888 889 1000
945 950 953 887 889 1000
948 951 956 898 898 1000
952 960 958 892 893 1000
947 959 954 907 909 1000
959 961 962 900 900 1000
958 965 966 909 911 1000
961 963 965 916 916 1000
950 958 958 891 891 1000
948 952 953 885 885 1000
953 959 961 881 887 1000
969 971 971 907 907 1000
955 960 962 888 889 1000
948 955 952 896 896 1000
947 953 951 891 892 1000
953 949 956 886 886 1000
965 967 967 895 895 1000
953 954 955 884 886 1000
959 960 962 906 906 1000
956 961 958 902 905 1000
956 961 966 901 902 1000
943 949 948 891 893 1000
962 972 966 896 898 1000
953 955 955 898 900 1000
937 940 945 885 885 1000
948 953 952 892 893 1000
956 960 959 905 906 1000
942 955 946 881 882 1000
949 956 950 904 904 1000
948 955 952 903 904 1000
957 958 962 904 904 1000
948 950 953 895 900 1000
960 966 963 894 895 1000
954 961 962 900 900 1000
952 958 960 886 887 1000
955 963 962 907 908 1000
961 963 963 904 904 1000
953 961 959 901 902 1000
959 958 961 906 906 1000
960 964 963 895 896 1000
960 962 964 900 901 1000
951 952 956 891 891 1000
948 954 954 880 883 1000
950 949 953 893 893 1000
953 954 957 892 893 1000
953 952 956 894 894 1000
948 959 955 896 897 1000
957 967 962 902 904 1000
957 953 961 891 891 1000
955 956 960 894 895 1000
956 954 958 889 891 1000
950 955 954 895 896 1000
958 963 960 902 902 1000
965 965 968 913 915 1000
961 967 965 902 902 1000
956 957 962 899 899 1000
959 959 962 903 903 1000
948 953 954 899 901 1000
955 960 958 895 896 1000
954 965 959 906 907 1000
948 953 953 893 896 1000
950 952 951 891 891 1000
950 960 958 897 898 1000
960 962 963 918 920 1000
952 961 960 892 894 1000
959 964 964 904 905 1000
949 949 952 890 893 1000
958 957 960 897 897 1000
950 953 959 892 892 1000
955 959 960 912 913 1000
953 958 958 890 892 1000
955 957 958 892 893 1000
952 960 958 897 897 1000
952 955 956 901 902 1000
952 953 956 902 902 1000
958 960 960 907 907 1000
955 955 957 886 887 1000
956 952 957 899 900 1000
958 960 964 902 904 1000
968 974 974 910 911 1000
962 966 966 917 918 1000
955 956 959 895 896 1000
944 945 946 884 884 1000
960 964 964 916 917 1000
951 953 955 892 894 1000
956 963 964 905 906 1000
940 945 942 876 877 1000
951 954 955 881 881 1000
949 954 951 898 898 1000
963 969 968 906 906 1000
951 958 956 902 902 1000
943 950 947 880 882 1000
952 954 956 897 897 1000
957 958 961 894 895 1000
963 967 967 909 911 1000
943 946 947 896 896 1000
947 954 952 900 902 1000
954 960 958 895 898 1000
963 965 965 904 905 1000
951 964 962 899 899 1000
949 947 951 888 889 1000
954 959 960 893 894 1000
949 946 954 898 898 1000
962 969 965 906 906 1000
954 954 957 904 906 1000
942 953 947 885 887 1000
969 971 973 907 907 1000
949 955 955 895 896 1000
953 954 956 901 901 1000
948 953 952 908 910 1000
952 955 955 894 898 1000
951 953 953 883 884 1000
967 967 970 909 910 1000
964 970 967 907 908 1000
958 960 963 905 907 1000
955 960 960 896 897 1000
944 948 946 894 894 1000
952 959 961 893 896 1000
956 956 961 906 907 1000
950 955 956 878 878 1000
947 950 953 889 891 1000
953 954 958 885 887 1000
967 970 972 913 913 1000
947 952 952 892 893 1000
964 965 967 918 918 1000
948 950 951 900 900 1000
964 968 969 909 911 1000
945 951 950 884 885 1000
957 959 963 908 908 1000
952 951 955 895 895 1000
948 957 955 894 894 1000
950 953 954 893 895 1000
964 965 966 906 907 1000
950 957 955 890 891 1000
946 953 949 886 888 1000
956 961 960 904 904 1000
944 955 952 888 889 1000
963 961 965 907 907 1000
954 963 958 889 890 1000
942 952 949 889 889 1000
963 964 968 903 905 1000
953 958 955 901 903 1000
956 960 961 898 899 1000
961 966 968 900 902 1000
949 957 957 895 897 1000
963 965 967 911 912 1000
952 954 957 893 896 1000
951 958 958 900 902 1000
950 954 955 900 901 1000
964 966 968 921 921 1000
952 957 955 893 894 1000
950 953 953 892 892 1000
952 950 956 888 889 1000
948 948 955 888 891 1000
951 950 953 902 904 1000
953 956 958 903 904 1000
965 963 967 914 914 1000
957 960 962 901 901 1000
954 959 957 892 892 1000
959 963 962 892 892 1000
948 951 953 879 880 1000
960 957 963 903 904 1000
955 962 962 896 897 1000
955 957 959 917 918 1000
957 962 959 898 899 1000
958 966 964 902 902 1000
955 960 957 893 894 1000
958 965 965 898 900 1000
958 962 961 898 898 1000
946 955 951 896 898 1000
952 955 955 903 903 1000
952 953 956 895 896 1000
953 961 955 881 881 1000
950 956 957 898 899 1000
946 948 952 891 893 1000
957 959 960 904 904 1000
958 961 959 902 902 1000
945 955 949 887 889 1000
953 959 956 895 896 1000
949 953 954 884 886 1000
946 955 952 893 894 1000
949 955 952 896 899 1000
955 961 960 904 904 1000
953 955 957 902 904 1000
946 948 949 885 885 1000
951 954 957 887 889 1000
944 948 952 881 882 1000
948 952 949 893 893 1000
955 958 956 911 912 1000
942 949 952 890 890 1000
956 959 960 907 908 1000
968 973 972 909 909 1000
958 958 962 893 893 1000
951 951 956 899 899 1000
964 963 965 899 902 1000
948 957 952 890 891 1000
960 962 966 896 897 1000
953 954 956 900 900 1000
949 954 954 895 897 1000
953 955 958 890 891 1000
962 967 966 886 887 1000
952 952 955 896 898 1000
959 964 961 894 895 1000
959 966 967 911 913 1000
950 949 951 899 899 1000
964 968 970 925 926 1000
954 956 958 894 894 1000
960 960 962 905 905 1000
944 951 951 897 897 1000
952 953 957 890 891 1000
961 965 964 903 904 1000
956 958 958 903 904 1000
968 964 969 904 907 1000
941 946 948 874 878 1000
953 954 954 893 894 1000
948 959 956 887 891 1000
952 960 957 898 898 1000
957 961 959 903 904 1000
951 953 954 898 898 1000
940 944 942 885 885 1000
958 961 965 906 907 1000
966 969 971 908 910 1000
953 953 954 891 892 1000
964 968 971 909 909 1000
957 957 959 912 912 1000
952 956 954 889 889 1000
962 964 967 900 902 1000
956 958 961 902 902 1000
956 959 959 907 908 1000
949 954 954 893 894 1000
939 944 946 883 883 1000
953 951 953 892 893 1000
947 953 948 882 882 1000
955 963 959 894 896 1000
958 957 962 905 905 1000
957 959 961 909 910 1000
960 962 967 912 915 1000
957 966 966 898 898 1000
957 964 963 907 907 1000
957 963 964 896 899 1000
947 951 953 888 888 1000
959 960 965 912 912 1000
946 954 955 885 887 1000
960 966 969 913 916 1000
962 967 966 915 917 1000
958 961 962 906 907 1000
953 951 956 895 895 1000
956 955 960 890 890 1000
961 964 964 897 899 1000
956 962 960 892 893 1000
951 953 954 885 888 1000
939 945 946 885 889 1000
947 951 950 898 898 1000
958 962 964 906 909 1000
967 965 969 918 918 1000
952 959 956 899 900 1000
944 953 950 896 896 1000
958 964 963 892 893 1000
949 955 952 898 898 1000
965 966 967 901 902 1000
954 954 957 894 894 1000
951 960 960 895 896 1000
951 953 956 907 909 1000
957 960 959 898 900 1000
959 958 963 896 897 1000
965 970 967 917 917 1000
967 966 969 907 908 1000
953 957 959 891 891 1000
953 949 957 902 902 1000
959 957 964 905 907 1000
957 965 964 914 914 1000
945 944 949 875 875 1000
966 968 969 915 916 1000
952 958 956 887 890 1000
945 948 949 883 884 1000
964 964 964 906 907 1000
955 964 960 881 882 1000
952 957 957 898 898 1000
945 951 950 886 887 1000
971 970 972 915 916 1000
948 955 953 881 882 1000
956 963 962 901 905 1000
950 959 958 901 902 1000
943 949 950 892 892 1000
958 963 961 902 903 1000
943 947 948 890 892 1000
957 961 964 902 905 1000
952 959 956 897 898 1000
946 949 949 889 889 1000
957 964 964 896 896 1000
944 946 950 879 882 1000
948 955 954 897 898 1000
958 962 961 909 909 1000
950 951 954 875 878 1000
941 954 948 883 884 1000
960 960 960 921 921 1000
960 962 966 907 910 1000
968 967 971 902 903 1000
958 966 963 896 897 1000
947 952 953 889 890 1000
953 956 955 901 901 1000
957 964 965 910 912 1000
961 966 967 892 893 1000
954 955 958 894 895 1000
954 954 956 887 887 1000
955 957 960 887 888 1000
949 953 951 902 902 1000
959 959 963 898 900 1000
944 950 949 889 889 1000
950 953 952 896 896 1000
958 958 962 900 900 1000
955 958 961 898 901 1000
956 961 962 907 907 1000
950 954 957 878 879 1000
969 972 971 916 917 1000
947 953 952 886 887 1000
954 955 959 902 902 1000
955 953 956 892 893 1000
950 949 954 892 895 1000
954 956 957 890 890 1000
948 953 952 885 885 1000
957 957 960 894 895 1000
954 958 962 904 906 1000
952 956 956 896 898 1000
953 957 961 901 902 1000
951 952 955 895 895 1000
943 947 952 894 896 1000
954 954 957 898 898 1000
947 953 952 887 887 1000
956 956 960 900 901 1000
955 957 959 888 889 1000
949 955 954 904 904 1000
945 952 950 884 884 1000
955 954 961 897 898 1000
947 953 950 900 901 1000
953 961 959 903 905 1000
949 953 953 900 901 1000
954 961 960 892 893 1000
953 956 955 898 900 1000
959 961 962 889 892 1000
947 951 951 895 896 1000
952 956 956 906 907 1000
954 955 959 912 913 1000
944 950 950 899 902 1000
954 958 957 909 910 1000
959 960 963 895 895 1000
955 952 956 894 894 1000
954 948 956 893 896 1000
951 957 956 879 881 1000
951 958 955 898 899 1000
952 957 955 888 889 1000
962 969 968 889 891 1000
946 952 950 887 888 1000
943 946 946 894 894 1000
936 943 941 883 883 1000
950 949 954 889 889 1000
948 952 952 883 884 1000
964 965 965 904 905 1000
945 948 948 888 889 1000
954 954 955 904 905 1000
945 950 950 880 882 1000
954 954 957 906 906 1000
966 971 971 900 903 1000
950 950 957 894 898 1000
962 962 965 908 910 1000
948 953 950 891 891 1000
957 961 962 909 910 1000
957 962 960 895 895 1000
950 955 955 890 891 1000
955 959 959 893 897 1000
949 959 957 883 883 1000
941 941 944 892 892 1000
959 960 962 899 899 1000
947 954 952 886 888 1000
954 962 958 906 908 1000
942 945 946 891 892 1000
947 951 952 896 897 1000
955 964 961 909 912 1000
949 958 957 885 886 1000
952 961 957 900 901 1000
947 952 954 891 891 1000
947 953 951 894 895 1000
954 959 960 906 907 1000
949 953 956 886 886 1000
964 969 968 908 908 1000
942 947 946 886 888 1000
958 963 961 906 906 1000
964 966 969 902 902 1000
955 955 957 900 903 1000
939 948 946 879 880 1000
947 952 953 883 885 1000
947 952 950 893 895 1000
956 956 961 884 889 1000
951 953 956 896 896 1000
942 953 949 891 893 1000
948 955 951 895 896 1000
952 961 958 902 902 1000
959 962 962 898 900 1000
953 958 958 910 910 1000
952 961 958 901 904 1000
953 956 957 881 883 1000
942 945 950 884 884 1000
957 958 961 906 906 1000
975 976 977 900 900 1000
953 954 956 889 890 1000
952 958 956 879 880 1000
949 952 954 895 895 1000
950 955 951 903 903 1000
961 959 963 900 900 1000
969 971 970 907 907 1000
950 954 952 895 895 1000
958 958 960 896 896 1000
957 956 958 908 909 1000
954 958 956 888 889 1000
965 961 968 907 908 1000
944 953 952 877 878 1000
967 965 968 917 917 1000
963 963 965 903 904 1000
963 969 967 915 916 1000
942 947 946 890 891 1000
959 961 962 900 902 1000
946 955 952 888 888 1000
953 961 962 886 888 1000
952 958 956 894 895 1000
949 950 954 886 888 1000
954 957 961 908 908 1000
940 949 944 882 882 1000
949 957 954 890 892 1000
940 947 947 886 887 1000
945 953 948 882 883 1000
956 955 960 890 890 1000
953 957 956 892 893 1000
959 960 961 896 897 1000
952 950 953 899 900 1000
961 969 966 896 897 1000
941 949 948 886 888 1000
950 948 954 885 886 1000
957 961 962 907 908 1000
944 949 949 890 895 1000
956 959 958 905 905 1000
951 956 954 876 878 1000
955 955 959 907 909 1000
955 953 960 893 893 1000
961 964 964 903 904 1000
956 957 960 903 905 1000
961 965 963 914 916 1000
951 956 957 900 900 1000
954 956 956 902 902 1000
949 951 952 894 894 1000
967 963 970 905 908 1000
950 954 953 885 886 1000
952 962 956 890 891 1000
955 958 957 902 902 1000
954 960 955 892 892 1000
958 956 961 898 898 1000
951 952 956 894 894 1000
965 968 966 911 912 1000
961 968 964 909 909 1000
960 967 968 905 907 1000
955 953 960 904 904 1000
956 962 961 892 893 1000
956 965 965 892 893 1000
956 961 958 903 903 1000
946 945 950 895 895 1000
956 955 957 894 894 1000
969 970 971 916 917 1000
952 953 958 904 906 1000
961 956 965 898 898 1000
969 969 972 891 895 1000
964 964 967 900 900 1000
961 966 964 898 900 1000
954 958 958 896 896 1000
961 963 966 912 912 1000
950 955 954 893 894 1000
962 963 963 896 897 1000
947 945 950 892 894 1000
957 958 963 910 911 1000
958 961 961 901 902 1000
948 952 954 905 905 1000
956 959 961 893 895 1000
950 951 955 881 881 1000
959 963 964 909 911 1000
946 950 949 898 899 1000
956 963 962 907 908 1000
952 960 958 907 907 1000
965 968 970 889 889 1000
959 965 964 903 904 1000
949 955 956 900 901 1000
963 965 967 906 906 1000
955 956 959 892 893 1000
953 956 955 897 899 1000
952 954 956 902 903 1000
964 963 966 906 906 1000
949 951 954 905 905 1000
962 967 967 914 914 1000
956 961 958 895 896 1000
953 957 957 910 911 1000
953 953 954 904 904 1000
954 956 959 894 894 1000
958 959 961 909 910 1000
960 964 966 905 907 1000
947 948 949 899 899 1000
944 949 953 880 880 1000
950 956 952 891 892 1000
960 959 963 904 904 1000
939 953 944 881 883 1000
953 954 957 902 902 1000
956 960 961 899 900 1000
966 967 968 912 914 1000
953 959 959 899 901 1000
953 961 962 895 897 1000
951 955 964 886 888 1000
952 955 955 898 898 1000
952 954 955 894 894 1000
942 949 948 889 891 1000
952 955 957 902 902 1000
954 963 960 891 895 1000
965 965 966 906 908 1000
946 945 950 899 901 1000
948 961 958 887 888 1000
956 959 960 903 905 1000
959 959 964 905 906 1000
963 963 966 899 900 1000
952 956 955 897 900 1000
957 966 960 903 904 1000
961 964 965 916 916 1000
957 961 960 912 912 1000
948 951 950 903 906 1000
952 953 955 899 899 1000
949 958 957 890 891 1000
959 960 967 890 892 1000
945 950 951 897 898 1000
960 959 962 900 900 1000
964 970 968 913 913 1000
947 950 951 890 891 1000
956 963 962 908 908 1000
952 953 956 895 896 1000
956 964 960 892 893 1000
952 955 959 897 898 1000
943 955 953 883 884 1000
956 957 958 902 905 1000
958 956 960 899 899 1000
953 957 958 883 884 1000
950 952 956 885 885 1000
952 952 955 891 892 1000
951 959 958 894 895 1000
949 955 956 902 904 1000
951 955 956 885 885 1000
953 954 958 900 901 1000
954 960 960 905 907 1000
953 959 959 904 905 1000
960 955 961 907 908 1000
943 947 947 898 900 1000
961 966 963 907 907 1000
959 965 961 905 907 1000
962 962 965 897 899 1000
949 960 955 910 913 1000
939 942 948 876 876 1000
965 965 966 912 912 1000
944 950 951 882 883 1000
954 957 961 889 890 1000
954 956 958 891 893 1000
943 950 949 894 897 1000
946 952 951 880 880 1000
960 958 961 912 912 1000
963 962 964 900 902 1000
950 958 956 894 895 1000
945 953 951 880 880 1000
959 967 964 899 901 1000
957 960 962 892 893 1000
955 956 962 898 898 1000
954 958 958 896 896 1000
949 947 952 887 887 1000
968 969 971 910 911 1000
961 967 968 911 913 1000
948 954 956 883 886 1000
948 953 953 901 902 1000
955 959 960 897 899 1000
945 952 950 889 889 1000
961 961 962 895 895 1000
953 958 957 895 897 1000
955 958 958 893 894 1000
961 967 969 902 902 1000
951 954 958 899 900 1000
949 946 954 889 891 1000
951 956 956 890 892 1000
950 953 950 897 897 1000
953 955 956 900 900 1000
956 965 962 900 900 1000
955 959 962 902 903 1000
962 964 969 902 902 1000
934 939 941 883 883 1000
957 968 963 901 901 1000
943 944 947 897 898 1000
942 950 947 882 887 1000
948 950 951 877 878 1000
946 949 951 893 893 1000
946 953 953 890 890 1000
956 955 961 903 905 1000
938 944 946 881 882 1000
957 963 966 891 893 1000
952 957 958 906 908 1000
949 945 950 891 892 1000
955 960 959 901 904 1000
958 955 960 891 891 1000
949 956 956 891 892 1000
959 961 960 909 909 1000
949 951 953 878 879 1000
951 956 955 901 903 1000
952 959 959 896 898 1000
952 961 959 888 888 1000
958 958 962 895 895 1000
958 968 963 890 890 1000
951 955 954 888 890 1000
968 963 969 920 920 1000
950 956 957 896 896 1000
953 958 957 904 904 1000
954 959 962 892 894 1000
966 970 972 896 900 1000
953 961 959 880 880 1000
961 968 967 909 910 1000
961 959 964 905 906 1000
962 967 967 890 892 1000
960 967 964 908 910 1000
963 969 966 900 900 1000
948 955 957 887 887 1000
956 957 960 894 894 1000
953 956 956 892 894 1000
970 972 971 917 917 1000
956 959 959 909 909 1000
956 960 960 892 894 1000
963 961 965 901 902 1000
949 952 955 886 889 1000
943 954 952 892 893 1000
961 964 965 897 898 1000
957 962 959 896 898 1000
937 942 943 882 882 1000
940 946 946 885 888 1000
957 965 965 920 921 1000
955 958 961 905 906 1000
955 960 955 902 902 1000
956 961 960 907 908 1000
966 963 968 896 896 1000
958 964 965 897 898 1000
952 958 958 905 906 1000
953 957 954 888 888 1000
953 953 955 893 894 1000
949 954 953 894 894 1000
954 962 961 905 906 1000
957 960 961 902 903 1000
956 962 961 899 901 1000

