839 844 851 643 646 1000
823 830 834 643 644 1000
817 822 834 623 625 1000
836 841 849 650 651 1000
816 811 830 630 633 1000
819 820 831 642 645 1000
839 839 850 657 658 1000
829 844 848 657 660 1000
809 813 820 640 640 1000
823 829 839 646 647 1000
828 825 836 655 655 1000
833 844 843 633 634 1000
818 819 829 648 649 1000
834 831 847 666 669 1000
841 839 850 654 655 1000
859 854 871 693 695 1000
815 819 829 633 636 1000
827 825 842 657 658 1000
818 821 829 625 630 1000
808 807 817 657 658 1000
824 824 836 644 646 1000
807 814 822 659 662 1000
805 815 816 645 646 1000
815 810 830 651 652 1000
828 837 846 639 643 1000
819 818 827 642 643 1000
803 813 819 643 646 1000
822 833 842 634 638 1000
826 820 838 643 644 1000
827 839 838 657 659 1000
834 836 850 643 644 1000
827 837 837 623 627 1000
821 822 825 634 635 1000
812 819 823 631 633 1000
813 819 833 632 632 1000
827 825 836 639 642 1000
834 842 849 656 659 1000
820 826 840 656 660 1000
829 829 841 649 653 1000
827 837 839 655 655 1000
847 856 857 665 669 1000
800 806 817 624 626 1000
826 821 837 642 643 1000
834 826 844 661 663 1000
805 815 821 645 645 1000
827 837 844 671 672 1000
829 836 840 652 653 1000
841 839 849 639 639 1000
836 842 849 672 672 1000
808 808 827 619 623 1000
812 809 825 609 609 1000
839 832 847 643 646 1000
814 823 828 633 637 1000
824 826 834 646 646 1000
823 829 836 644 644 1000
807 815 822 634 637 1000
830 832 844 635 636 1000
836 828 846 658 658 1000
821 825 842 627 630 1000
821 826 829 656 661 1000
810 812 825 611 612 1000
827 825 834 639 640 1000
844 844 859 665 666 1000
812 811 825 633 637 1000
847 854 855 659 666 1000
833 828 842 651 653 1000
814 819 830 657 660 1000
828 832 847 654 655 1000
834 844 846 656 656 1000
816 816 827 641 641 1000
826 817 835 648 649 1000
821 829 830 624 625 1000
826 830 839 619 620 1000
835 835 842 657 659 1000
839 841 851 656 659 1000
822 822 832 654 656 1000
831 839 847 643 643 1000
824 836 839 635 637 1000
817 826 827 645 646 1000
846 846 857 649 651 1000
813 821 828 635 640 1000
837 843 853 655 657 1000
829 830 842 639 642 1000
830 832 845 637 639 1000
816 813 824 617 619 1000
831 831 842 647 650 1000
826 827 838 648 648 1000
818 819 830 628 630 1000
824 826 835 656 657 1000
824 826 828 622 626 1000
816 820 830 636 637 1000
814 802 823 623 625 1000
821 826 835 649 650 1000
824 818 837 642 645 1000
830 833 847 664 664 1000
811 820 830 626 627 1000
831 836 841 652 654 1000
829 846 849 662 665 1000
845 839 854 677 678 1000
808 809 821 651 652 1000
841 838 855 656 658 1000
828 823 841 644 647 1000
831 842 845 649 651 1000
831 836 841 673 674 1000
826 830 840 649 652 1000
828 817 835 634 636 1000
818 809 829 624 624 1000
813 821 831 629 633 1000
835 830 846 637 637 1000
826 824 839 655 655 1000
816 824 829 645 647 1000
816 821 833 628 631 1000
807 802 821 615 616 1000
820 830 829 640 642 1000
839 842 847 669 670 1000
839 836 851 652 652 1000
816 812 821 622 624 1000
830 834 845 642 644 1000
825 833 842 653 655 1000
813 821 831 624 627 1000
820 824 828 635 636 1000
837 840 849 644 646 1000
821 824 836 636 637 1000
826 820 834 652 654 1000
827 832 842 647 647 1000
815 816 824 632 632 1000
816 815 824 613 614 1000
821 827 837 648 648 1000
846 847 858 665 665 1000
816 819 829 628 630 1000
848 841 858 642 645 1000
832 827 844 636 638 1000
824 822 838 636 637 1000
846 848 857 649 650 1000
820 839 838 662 664 1000
820 829 833 639 641 1000
843 844 852 671 672 1000
816 823 828 639 642 1000
816 819 832 655 656 1000
830 827 841 641 642 1000
822 827 838 638 639 1000
809 812 821 639 640 1000
826 829 839 651 652 1000
826 830 842 630 633 1000
854 851 862 666 666 1000
826 824 831 655 655 1000
831 840 841 635 638 1000
841 845 855 646 646 1000
826 823 837 626 627 1000
824 835 832 642 642 1000
819 823 839 640 643 1000
838 840 853 646 650 1000
807 816 826 615 619 1000
823 825 831 658 658 1000
816 825 830 653 653 1000
839 841 852 659 661 1000
837 831 846 664 664 1000
835 832 846 659 661 1000
826 837 843 637 637 1000
825 834 844 626 631 1000
823 824 840 625 628 1000
853 863 870 674 675 1000
836 844 849 660 661 1000
813 819 830 650 653 1000
817 822 824 654 655 1000
813 819 832 624 625 1000
817 822 832 633 635 1000
832 827 840 642 643 1000
810 820 831 618 619 1000
830 828 843 647 648 1000
834 839 845 667 669 1000
820 824 834 655 658 1000
805 814 824 634 637 1000
813 803 822 628 629 1000
811 812 823 635 637 1000
811 812 820 632 634 1000
832 841 838 656 656 1000
831 838 843 656 658 1000
827 833 838 658 660 1000
828 819 835 649 650 1000
814 807 827 635 637 1000
815 825 828 650 651 1000
815 826 835 619 621 1000
808 812 818 629 631 1000
821 825 828 634 634 1000
822 817 834 621 625 1000
815 826 829 634 635 1000
838 846 846 663 667 1000
833 840 846 663 666 1000
810 822 827 632 634 1000
816 835 829 628 630 1000
829 837 841 646 648 1000
815 820 828 631 633 1000
845 852 858 651 652 1000
813 809 828 623 625 1000
810 823 825 644 645 1000
830 824 843 644 648 1000
819 823 830 642 643 1000
811 819 820 649 651 1000
822 826 834 630 631 1000
808 816 826 629 630 1000
813 808 822 633 633 1000
811 813 823 635 636 1000
827 825 834 670 671 1000
810 809 823 617 618 1000
807 821 832 637 641 1000
826 834 838 629 630 1000
834 843 850 647 648 1000
835 834 847 658 658 1000
837 847 852 662 663 1000
859 847 871 669 671 1000
816 822 826 631 633 1000
819 825 840 623 625 1000
815 800 823 628 630 1000
805 818 823 639 639 1000
814 818 825 631 633 1000
807 818 826 622 627 1000
804 819 820 651 655 1000
813 808 827 645 648 1000
797 804 808 621 623 1000
821 820 832 623 623 1000
825 821 833 641 643 1000
845 844 858 665 666 1000
831 831 845 653 655 1000
814 813 826 638 641 1000
837 838 842 668 669 1000
831 830 842 634 634 1000
847 848 862 660 661 1000
844 839 852 660 660 1000
832 830 846 623 624 1000
832 824 843 651 651 1000
828 826 836 659 659 1000
818 816 828 641 641 1000
820 817 831 646 646 1000
819 816 835 662 663 1000
828 837 841 645 647 1000
823 829 839 640 642 1000
836 836 845 670 671 1000
810 809 821 618 622 1000
817 832 837 644 645 1000
828 837 845 664 666 1000
824 825 831 618 620 1000
832 841 843 657 660 1000
832 833 848 646 648 1000
828 832 844 643 646 1000
812 815 825 621 623 1000
833 829 846 649 649 1000
817 817 828 643 646 1000
823 836 838 649 649 1000
825 826 839 647 647 1000
833 836 844 645 645 1000
805 809 817 626 629 1000
828 830 841 609 610 1000
826 828 835 645 646 1000
816 827 829 618 620 1000
828 842 840 653 654 1000
826 826 840 650 651 1000
819 828 837 643 645 1000
822 822 834 645 647 1000
823 832 837 629 629 1000
813 812 826 631 632 1000
828 835 849 653 656 1000
816 821 829 651 654 1000
817 812 827 650 652 1000
825 829 839 638 642 1000
812 825 829 617 619 1000
815 821 822 638 639 1000
805 799 814 621 622 1000
811 819 824 641 643 1000
805 810 820 630 633 1000
821 823 832 628 629 1000
838 836 850 653 653 1000
815 827 829 643 645 1000
833 840 848 642 643 1000
831 831 839 632 634 1000
831 838 848 643 647 1000
805 815 818 636 638 1000
812 822 826 639 642 1000
839 848 848 649 650 1000
832 841 841 663 665 1000
800 806 814 618 618 1000
817 819 827 633 633 1000
820 821 828 651 652 1000
848 847 856 661 662 1000
842 842 851 664 664 1000
833 835 847 644 649 1000
821 823 831 634 635 1000
819 826 835 629 632 1000
817 815 827 643 645 1000
802 812 815 610 616 1000
843 842 851 665 665 1000
828 826 839 654 654 1000
840 847 850 673 674 1000
827 824 834 649 650 1000
835 839 844 649 650 1000
816 821 830 635 637 1000
825 833 838 672 672 1000
812 819 825 633 634 1000
815 818 827 636 637 1000
817 823 827 640 640 1000
834 835 848 659 661 1000
822 827 839 639 642 1000
849 847 857 653 655 1000
792 799 810 612 614 1000
830 833 844 667 668 1000
833 835 849 654 654 1000
846 847 857 683 685 1000
817 827 828 636 639 1000
824 834 843 636 637 1000
823 836 836 630 631 1000
844 846 854 642 645 1000
833 833 847 637 639 1000
827 832 841 654 655 1000
837 844 856 638 641 1000
831 833 841 640 641 1000
826 823 838 626 627 1000
814 805 823 618 621 1000
833 834 846 648 650 1000
823 834 844 630 633 1000
822 822 836 653 654 1000
821 819 832 638 639 1000
805 815 823 636 636 1000
819 828 839 644 645 1000
807 809 821 602 605 1000
834 827 842 664 665 1000
831 840 847 669 669 1000
842 838 852 665 665 1000
841 838 850 684 684 1000
818 823 829 660 663 1000
836 834 844 663 666 1000
838 845 853 657 661 1000
830 819 840 656 657 1000
821 826 834 631 634 1000
812 815 826 621 626 1000
819 822 835 648 648 1000
804 808 816 639 642 1000
825 831 834 638 638 1000
824 831 839 630 633 1000
823 830 844 647 651 1000
827 829 837 657 658 1000
818 815 827 660 662 1000
829 837 844 650 651 1000
810 813 821 644 646 1000
819 827 835 635 636 1000
809 811 818 640 641 1000
814 821 823 619 619 1000
824 830 839 645 651 1000
807 813 821 642 646 1000
831 838 841 636 638 1000
824 828 838 642 643 1000
823 818 831 641 643 1000
830 831 837 634 635 1000
841 832 849 648 649 1000
833 834 840 649 650 1000
839 845 856 661 664 1000
842 836 854 658 659 1000
816 818 825 631 632 1000
828 836 842 664 668 1000
838 844 854 654 656 1000
804 810 819 630 635 1000
815 815 828 650 651 1000
812 818 823 616 620 1000
837 835 847 669 670 1000
840 830 849 638 641 1000
827 828 839 631 632 1000
804 802 815 647 651 1000
828 831 838 670 673 1000
828 828 841 612 615 1000
816 820 826 637 638 1000
825 830 841 644 646 1000
835 834 847 644 649 1000
820 832 831 642 642 1000
831 838 848 647 648 1000
832 831 842 633 634 1000
829 832 833 666 667 1000
837 834 847 649 651 1000
838 847 854 672 674 1000
824 825 843 626 628 1000
839 835 847 657 661 1000
825 827 835 642 643 1000
828 834 842 638 643 1000
827 820 836 618 618 1000
815 823 833 632 635 1000
819 812 826 644 644 1000
821 829 832 652 654 1000
812 818 824 637 637 1000
813 818 824 630 633 1000
804 814 821 646 647 1000
800 805 814 646 649 1000
818 824 835 636 639 1000
816 809 829 617 618 1000
816 827 830 624 630 1000
823 821 834 649 652 1000
807 817 822 641 641 1000
818 822 828 631 631 1000
827 827 840 637 639 1000
813 830 833 655 658 1000
830 831 844 644 646 1000
830 828 836 640 642 1000
830 836 840 655 655 1000
835 837 850 640 643 1000
817 820 824 657 658 1000
824 823 831 632 632 1000
821 825 835 633 635 1000
821 819 831 637 637 1000
811 826 830 629 631 1000
842 845 852 670 671 1000
829 824 844 623 623 1000
830 832 838 648 649 1000
835 832 850 638 641 1000
839 833 848 661 663 1000
822 827 834 631 634 1000
817 819 828 648 649 1000
842 844 856 648 650 1000
814 830 834 627 628 1000
816 829 832 630 633 1000
837 835 845 679 680 1000
835 837 851 655 656 1000
837 844 851 657 657 1000
846 847 855 657 658 1000
809 813 824 627 628 1000
834 832 849 654 658 1000
807 816 820 614 617 1000
845 845 865 662 664 1000
821 813 831 632 636 1000
834 833 845 652 654 1000
832 833 842 666 667 1000
803 811 824 596 596 1000
827 836 844 645 645 1000
838 844 851 655 656 1000
820 824 831 639 640 1000
817 832 832 636 637 1000
821 837 835 663 666 1000
819 820 827 630 634 1000
822 815 832 631 635 1000
824 822 835 650 650 1000
837 843 855 660 663 1000
816 817 832 645 648 1000
826 820 837 648 648 1000
829 836 844 639 640 1000
833 826 839 642 645 1000
832 830 852 642 643 1000
809 809 827 617 619 1000
809 801 823 631 631 1000
794 794 805 630 630 1000
829 829 842 642 643 1000
814 823 826 651 652 1000
809 817 821 626 627 1000
831 834 843 623 624 1000
825 827 837 645 647 1000
851 854 870 675 677 1000
830 836 840 655 657 1000
813 822 836 612 615 1000
819 829 830 646 648 1000
815 817 827 623 625 1000
830 834 844 653 653 1000
820 818 829 646 646 1000
829 832 846 651 655 1000
841 841 850 661 662 1000
802 813 818 631 632 1000
833 833 844 630 632 1000
837 842 854 658 661 1000
814 819 833 651 651 1000
859 874 875 671 674 1000
832 832 842 667 668 1000
844 842 855 663 665 1000
827 825 840 640 641 1000
813 809 825 637 638 1000
823 820 833 642 645 1000
822 827 839 635 639 1000
809 811 819 615 615 1000
825 831 845 621 622 1000
850 850 862 668 672 1000
812 817 829 644 644 1000
820 826 835 651 651 1000
813 810 823 641 642 1000
814 819 831 640 641 1000
818 823 825 642 642 1000
833 829 848 663 664 1000
833 846 848 664 665 1000
829 822 838 649 649 1000
841 849 855 661 665 1000
827 837 843 644 649 1000
830 833 849 636 638 1000
827 820 832 618 621 1000
816 820 829 660 661 1000
809 816 823 634 635 1000
824 829 835 655 655 1000
844 858 860 662 667 1000
826 841 841 659 661 1000
814 819 828 635 637 1000
821 820 837 650 651 1000
822 815 831 617 618 1000
830 834 839 662 663 1000
817 818 826 635 639 1000
834 834 843 658 660 1000
826 825 839 632 632 1000
821 822 829 657 660 1000
819 836 836 643 648 1000
813 810 819 638 638 1000
824 833 835 653 653 1000
794 801 808 623 625 1000
836 832 845 645 648 1000
829 838 839 641 643 1000
825 828 843 645 648 1000
817 821 827 649 651 1000
818 816 832 637 640 1000
838 835 848 652 653 1000
809 821 825 638 638 1000
814 820 823 619 620 1000
824 821 836 646 647 1000
817 823 834 638 641 1000
819 832 841 636 637 1000
842 843 853 624 624 1000
849 851 862 660 661 1000
831 835 842 644 646 1000
824 819 835 644 647 1000
836 836 849 657 658 1000
812 810 823 616 620 1000
838 841 851 655 656 1000
832 826 836 650 653 1000
834 835 850 663 666 1000
833 835 844 635 637 1000
835 836 854 664 666 1000
834 837 846 670 673 1000
795 791 806 620 624 1000
821 828 840 636 640 1000
824 818 833 659 661 1000
812 813 824 636 636 1000
833 835 849 626 627 1000
831 830 847 642 645 1000
830 843 846 658 660 1000
826 821 837 652 653 1000
840 843 853 669 672 1000
842 840 853 640 643 1000
800 803 811 636 638 1000
825 814 834 622 624 1000
824 830 837 638 640 1000
816 820 832 637 639 1000
837 838 851 636 638 1000
828 829 843 640 640 1000
851 853 860 674 676 1000
824 829 834 655 655 1000
831 826 840 635 638 1000
821 815 835 646 650 1000
848 849 855 683 684 1000
835 830 843 646 647 1000
820 827 839 637 639 1000
829 830 843 635 637 1000
828 828 838 665 667 1000
842 847 856 663 665 1000
805 807 814 641 642 1000
836 830 844 646 648 1000
831 827 844 640 645 1000
838 846 854 676 676 1000
823 826 836 620 620 1000
832 833 843 648 651 1000
806 803 818 623 624 1000
819 819 829 634 636 1000
832 830 839 660 662 1000
840 841 853 656 657 1000
819 822 833 629 631 1000
836 839 848 650 651 1000
809 806 818 607 607 1000
817 825 838 621 622 1000
802 812 817 626 629 1000
821 828 837 620 622 1000
811 811 821 637 638 1000
821 828 833 637 638 1000
816 825 836 639 641 1000
831 837 845 663 663 1000
838 835 845 655 655 1000
822 818 832 643 645 1000
826 821 836 652 654 1000
820 831 836 647 651 1000
814 808 823 650 652 1000
853 852 862 648 648 1000
810 811 821 633 634 1000
831 835 844 635 635 1000
822 832 837 620 622 1000
829 826 840 636 639 1000
822 826 837 624 625 1000
817 832 840 654 656 1000
830 830 840 616 618 1000
842 837 859 678 680 1000
819 836 836 642 646 1000
845 849 851 661 663 1000
818 830 825 644 644 1000
831 829 845 644 647 1000
822 824 834 627 629 1000
840 848 857 643 645 1000
828 832 833 635 637 1000
833 826 843 656 657 1000
816 827 828 606 608 1000
811 824 824 635 638 1000
853 845 862 663 665 1000
810 823 828 645 649 1000
816 818 836 640 641 1000
814 821 834 630 632 1000
844 838 852 675 677 1000
813 819 827 637 638 1000
822 830 830 655 655 1000
845 847 854 661 664 1000
814 817 828 648 650 1000
834 821 844 636 639 1000
834 835 845 637 639 1000
810 809 822 622 625 1000
821 822 832 630 633 1000
837 841 853 634 638 1000
822 822 830 658 658 1000
832 823 844 650 651 1000
824 822 840 639 640 1000
836 836 847 658 662 1000
825 839 843 665 666 1000
821 824 843 642 642 1000
835 831 846 652 655 1000
807 813 822 633 633 1000
835 845 848 661 664 1000
832 831 841 660 660 1000
831 842 842 660 661 1000
835 834 851 661 666 1000
830 837 844 644 646 1000
842 837 849 650 653 1000
804 807 818 616 620 1000
816 818 828 647 648 1000
806 806 819 608 608 1000
824 824 842 652 656 1000
826 838 845 644 646 1000
826 838 834 651 652 1000
828 826 832 630 631 1000
832 828 842 649 649 1000
844 839 853 633 634 1000
818 812 827 647 647 1000
836 838 850 662 665 1000
830 825 842 657 658 1000
806 817 824 613 614 1000
808 807 815 633 636 1000
822 828 832 650 651 1000
829 834 844 662 663 1000
830 833 841 656 658 1000
827 824 841 645 648 1000
818 821 828 634 636 1000
835 833 847 665 665 1000
824 841 841 649 657 1000
814 820 824 619 620 1000
802 799 813 616 616 1000
816 823 829 639 641 1000
806 816 821 626 629 1000
841 835 852 655 661 1000
834 840 846 651 653 1000
828 833 838 660 660 1000
842 840 850 644 646 1000
843 842 856 648 652 1000
825 826 838 652 656 1000
838 858 858 643 643 1000
818 828 833 638 641 1000
823 816 830 646 647 1000
833 834 842 646 646 1000
837 829 847 659 660 1000
837 834 849 654 657 1000
824 832 840 645 645 1000
819 814 829 636 638 1000
817 822 827 636 636 1000
817 833 837 622 625 1000
831 836 848 665 668 1000
854 857 867 673 676 1000
830 824 845 631 634 1000
833 830 845 640 644 1000
829 840 849 634 637 1000
819 815 830 652 654 1000
822 822 832 656 656 1000
805 807 814 639 641 1000
803 817 822 627 629 1000
819 827 836 642 644 1000
831 830 842 638 641 1000
808 816 822 639 640 1000
819 816 826 641 642 1000
821 826 833 647 649 1000
823 825 835 648 649 1000
837 834 850 662 662 1000
816 806 828 622 623 1000
829 842 847 646 652 1000
818 823 830 644 645 1000
822 829 836 659 662 1000
838 843 851 662 664 1000
834 836 849 648 650 1000
820 826 832 638 639 1000
837 835 845 640 642 1000
827 829 844 648 649 1000
802 819 813 618 619 1000
827 830 840 637 640 1000
827 828 836 645 647 1000
817 832 836 629 630 1000
821 834 838 651 655 1000
851 846 857 642 645 1000
827 832 846 653 655 1000
825 836 842 628 630 1000
821 834 836 650 653 1000
832 831 844 650 653 1000
822 839 838 641 644 1000
802 815 820 636 636 1000
857 861 868 662 663 1000
824 839 840 622 626 1000
820 837 834 638 643 1000
836 827 844 677 678 1000
815 824 828 653 658 1000
826 839 837 638 641 1000
840 847 854 641 644 1000
818 823 831 650 651 1000
818 819 832 646 647 1000
825 827 839 647 651 1000
816 822 832 630 633 1000
812 835 834 638 640 1000
824 832 843 659 661 1000
833 831 843 637 637 1000
829 837 844 650 650 1000
818 815 827 625 626 1000
824 822 834 649 650 1000
810 816 821 622 624 1000
847 843 857 662 662 1000
844 832 857 649 651 1000
828 837 843 631 634 1000
816 815 828 662 664 1000
839 847 854 670 672 1000
815 829 831 654 658 1000
795 796 810 658 659 1000
830 834 844 642 644 1000
827 823 842 638 640 1000
814 826 832 650 651 1000
837 831 852 662 664 1000
810 809 829 633 637 1000
817 817 823 671 672 1000
827 827 836 662 663 1000
811 820 823 653 655 1000
820 806 831 629 630 1000
813 813 820 640 641 1000
824 817 830 657 658 1000
840 840 848 640 642 1000
826 831 843 653 656 1000
831 827 838 637 638 1000
821 825 837 635 635 1000
840 833 848 659 662 1000
816 815 825 617 617 1000
822 819 832 635 635 1000
826 829 840 627 628 1000
825 823 832 652 654 1000
823 820 835 635 636 1000
819 819 834 633 637 1000
821 825 835 645 648 1000
828 828 840 644 645 1000
816 825 831 611 613 1000
829 831 837 664 665 1000
836 829 843 646 647 1000
849 858 862 644 645 1000
822 836 839 643 643 1000
822 831 835 626 626 1000
814 815 824 632 635 1000
845 843 854 663 665 1000
825 832 835 654 657 1000
820 812 833 647 647 1000
826 840 845 633 635 1000
821 828 832 624 625 1000
826 828 844 659 664 1000
821 816 830 617 618 1000
823 828 838 642 646 1000
830 829 841 669 673 1000
813 814 827 615 617 1000
818 818 828 638 639 1000
815 814 827 641 643 1000
804 800 812 633 634 1000
845 853 859 678 680 1000
811 813 823 632 633 1000
829 841 846 640 643 1000
809 810 822 631 634 1000
807 818 819 644 644 1000
807 817 829 631 634 1000
814 820 831 637 640 1000
817 825 826 634 635 1000
840 846 856 669 670 1000
831 832 840 657 662 1000
800 802 810 622 623 1000
829 827 843 647 650 1000
816 818 824 643 644 1000
841 842 853 655 656 1000
820 836 841 640 642 1000
816 824 827 634 634 1000
833 843 849 663 664 1000
828 828 840 637 637 1000
838 848 852 662 662 1000
814 810 824 630 630 1000
808 817 827 643 644 1000
808 815 823 648 650 1000
825 832 841 646 649 1000
831 829 843 638 639 1000
820 823 831 636 637 1000
826 835 848 624 625 1000
829 840 845 644 648 1000
829 832 840 637 638 1000
828 822 834 642 642 1000
814 818 828 639 639 1000
828 833 838 642 643 1000
829 822 838 647 650 1000
819 822 834 616 616 1000
838 839 850 665 668 1000
818 819 833 633 636 1000
833 839 851 640 642 1000
823 822 839 644 645 1000
838 837 850 659 661 1000
820 824 832 666 668 1000
826 827 839 640 642 1000
814 816 825 620 620 1000
825 831 839 639 642 1000
826 828 835 638 640 1000
832 834 844 645 647 1000
838 836 845 660 660 1000
831 844 846 648 648 1000
826 819 832 641 642 1000
827 832 841 637 638 1000
840 832 853 639 639 1000
833 831 845 645 646 1000
819 819 834 624 627 1000
819 823 837 650 652 1000
817 818 829 622 622 1000
823 820 833 650 651 1000
819 827 830 636 641 1000
825 818 834 636 638 1000
832 825 847 665 666 1000
829 824 839 642 643 1000
844 841 856 649 655 1000
806 807 822 628 629 1000
836 831 845 628 632 1000
815 820 830 637 638 1000
829 831 843 645 647 1000
796 804 810 596 597 1000
833 835 839 632 632 1000
823 811 829 642 644 1000
824 825 834 648 648 1000
810 814 822 631 632 1000
803 814 818 632 634 1000
836 832 849 650 651 1000
813 820 828 629 631 1000
800 802 811 620 620 1000
817 825 833 644 645 1000
817 831 834 632 633 1000
827 834 843 639 641 1000
821 823 836 658 661 1000
822 840 831 643 645 1000
824 831 835 645 649 1000
811 819 823 629 630 1000
812 813 824 639 639 1000
815 821 828 635 635 1000
809 803 817 620 621 1000
823 835 835 650 652 1000
835 837 847 661 661 1000
822 823 832 652 655 1000
814 824 827 624 627 1000
836 851 852 675 676 1000
838 845 856 661 664 1000
838 831 845 656 658 1000
819 822 831 643 646 1000
823 818 835 638 639 1000
839 839 852 648 651 1000
848 847 854 666 666 1000
818 819 830 646 647 1000
822 832 839 643 644 1000
821 832 836 637 638 1000
833 839 845 659 660 1000
805 808 819 612 616 1000
825 831 835 643 644 1000
816 828 831 653 655 1000
811 814 822 624 625 1000
815 812 824 636 637 1000
837 840 852 653 653 1000
826 822 835 642 643 1000
802 805 816 632 633 1000
841 836 851 666 668 1000
829 830 843 659 661 1000
832 838 843 647 647 1000
825 829 833 647 650 1000
843 838 854 652 652 1000
821 826 838 632 633 1000
842 847 849 673 674 1000
827 831 839 644 647 1000
830 838 848 637 639 1000
831 825 838 638 639 1000
853 858 862 662 664 1000
822 829 834 660 661 1000
822 817 831 645 646 1000
823 831 836 653 656 1000
827 839 844 647 648 1000
841 839 846 666 666 1000
820 815 829 627 629 1000
820 824 833 644 645 1000
823 836 835 633 636 1000
816 822 828 617 620 1000
817 813 825 621 622 1000
840 849 852 648 653 1000
811 808 818 606 606 1000
824 828 837 637 638 1000
829 826 839 650 652 1000
816 825 826 617 617 1000
822 835 835 630 632 1000
823 834 840 636 637 1000
822 824 835 640 642 1000
837 831 848 658 661 1000
833 826 844 649 649 1000
825 825 831 627 628 1000
828 822 836 648 651 1000
816 812 827 639 641 1000
830 829 844 651 652 1000
815 807 826 634 635 1000
836 838 848 662 662 1000
843 844 853 644 644 1000
822 820 834 635 635 1000
825 829 838 649 651 1000
845 856 858 644 644 1000
828 834 841 654 656 1000
801 814 814 614 615 1000
837 838 849 651 652 1000
838 842 845 635 636 1000
821 824 836 646 648 1000
813 819 831 620 621 1000
837 842 849 660 661 1000
816 818 826 638 638 1000
829 828 841 634 636 1000
832 827 837 644 645 1000
799 808 812 630 632 1000
824 827 837 660 663 1000
821 825 838 638 638 1000
797 798 808 603 605 1000
834 833 843 641 643 1000
792 794 808 620 622 1000
832 834 845 653 654 1000
808 806 815 636 638 1000
819 822 829 644 645 1000
800 802 819 608 608 1000
823 828 836 646 646 1000
804 809 818 625 627 1000
841 840 852 646 649 1000
831 838 841 663 665 1000
806 815 824 633 637 1000
830 834 844 631 633 1000
823 831 841 646 651 1000
836 829 846 662 663 1000
817 822 830 622 624 1000
823 828 832 650 651 1000
825 819 834 625 628 1000
815 817 834 624 627 1000
836 833 848 640 640 1000
803 817 818 620 622 1000
830 833 844 668 673 1000
832 828 838 648 650 1000
821 819 832 641 643 1000
839 835 852 651 651 1000
837 837 847 641 642 1000
824 834 836 645 645 1000
826 828 842 619 621 1000
822 824 835 648 649 1000
837 844 853 650 650 1000
807 805 821 622 622 1000
830 830 842 650 651 1000
789 800 802 606 609 1000
801 794 809 615 617 1000
826 834 838 644 644 1000
813 817 828 623 626 1000
844 849 861 667 668 1000
839 838 852 625 627 1000
849 851 861 650 651 1000
811 812 821 626 627 1000
817 809 825 641 642 1000
822 819 830 634 636 1000
816 826 828 627 629 1000
839 845 860 672 677 1000
814 813 824 624 627 1000
834 838 846 647 649 1000
829 828 837 658 659 1000
794 808 807 587 588 1000
828 827 844 641 646 1000
828 837 838 652 654 1000
828 829 838 649 649 1000
834 835 848 646 649 1000
839 833 851 642 646 1000
806 807 820 630 633 1000
842 844 849 660 661 1000
835 840 847 672 674 1000
823 832 838 634 641 1000
823 829 835 643 645 1000
803 814 813 640 641 1000
828 837 843 657 658 1000
826 836 842 657 659 1000
825 839 843 639 641 1000
829 832 842 637 637 1000
810 813 832 620 621 1000
824 821 830 650 652 1000
797 812 817 622 623 1000
826 830 843 648 649 1000
831 836 838 654 654 1000
841 840 848 669 670 1000
829 827 838 649 649 1000
829 831 840 652 654 1000

