935 909 909 935
929 898 898 928
932 902 902 933
936 916 916 936
934 902 902 933
935 911 911 935
934 910 910 933
937 913 913 937
928 898 898 928
944 908 908 944
934 906 906 934
939 921 921 939
933 910 910 933
935 906 906 935
942 909 909 941
930 899 899 930
931 907 907 932
955 925 925 955
946 921 921 945
937 916 916 937
946 909 909 946
947 914 914 947
923 902 902 923
923 904 904 923
912 892 892 912
933 909 909 933
951 933 933 951
935 906 906 934
944 922 922 944
930 905 905 930
950 928 928 950
927 902 902 927
942 915 915 942
922 909 909 923
930 901 901 931
933 911 911 933
932 908 908 933
931 901 901 930
939 912 912 939
947 918 918 948
918 888 888 918
932 902 902 933
936 903 903 937
927 907 907 928
944 922 922 945
948 921 921 948
938 917 917 939
943 925 925 942
927 905 905 926
939 912 912 939
923 900 900 923
937 915 915 937
931 905 905 930
941 918 918 943
928 902 902 930
944 919 919 945
941 921 921 941
927 903 903 927
942 918 918 942
948 924 924 947
944 916 916 944
947 920 920 947
931 912 912 932
924 897 897 924
948 929 929 948
944 913 913 943
927 901 901 925
932 906 906 930
940 917 917 940
936 910 910 935
933 902 902 935
932 905 905 932
939 914 914 941
922 900 900 922
932 911 911 931
940 904 904 941
931 905 905 933
926 898 898 926
916 895 895 916
922 895 895 921
930 900 900 928
929 910 910 929
928 908 908 928
935 914 914 935
942 922 922 942
922 900 900 922
928 906 906 928
937 910 910 937
942 918 918 942
941 915 915 941
954 927 927 954
923 902 902 924
936 915 915 936
937 913 913 936
923 908 908 924
931 899 899 930
942 917 917 942
944 917 917 943
938 918 918 938
949 930 930 949
937 903 903 938
937 904 904 936
934 903 903 935
932 911 911 932
937 915 915 938
942 923 923 942
949 924 924 949
934 908 908 934
934 902 902 935
921 892 892 921
950 923 923 950
946 913 913 946
935 918 918 936
933 906 906 932
927 904 904 927
934 911 911 934
926 901 901 926
933 906 906 931
928 903 903 927
926 894 894 926
932 898 898 932
935 906 906 934
936 909 909 937
925 903 903 925
934 914 914 933
927 907 907 927
948 930 930 947
940 915 915 940
929 905 905 931
945 928 928 945
931 903 903 929
943 918 918 943
935 895 895 935
942 918 918 941
929 896 896 929
947 924 924 948
936 905 905 936
937 917 917 937
934 918 918 934
930 905 905 931
933 906 906 933
940 908 908 940
927 906 906 927
926 902 902 927
939 908 908 939
932 907 907 932
937 907 907 937
935 910 910 935
934 905 905 934
945 928 928 945
914 885 885 915
940 914 914 940
936 917 917 936
934 900 900 936
933 906 906 933
944 920 920 944
931 905 905 931
936 907 907 936
938 912 912 938
936 909 909 937
939 906 906 938
920 894 894 920
936 911 911 936
937 920 920 937
939 914 914 939
925 894 894 925
930 902 902 932
925 902 902 924
947 919 919 947
942 922 922 942
936 908 908 937
940 923 923 939
946 918 918 945
946 922 922 947
937 912 912 936
934 906 906 935
935 907 907 936
943 925 925 943
939 921 921 939
929 905 905 929
942 915 915 943
946 919 919 948
937 907 907 937
939 903 903 938
944 911 911 944
951 919 919 950
940 912 912 940
940 918 918 939
937 912 912 937
929 897 897 927
939 914 914 940
940 911 911 940
930 902 902 930
932 901 901 932
935 903 903 935
938 910 910 938
926 900 900 925
937 909 909 938
926 894 894 927
945 918 918 945
936 914 914 937
933 906 906 933
934 909 909 934
933 911 911 934
938 920 920 938
927 905 905 929
932 905 905 931
946 923 923 945
921 896 896 921
916 886 886 916
936 915 915 936
943 917 917 943
931 909 909 932
938 912 912 938
929 897 897 930
924 887 887 923
951 930 930 951
932 915 915 932
934 910 910 934
939 912 912 939
927 911 911 928
934 907 907 934
942 914 914 942
945 927 927 944
930 906 906 930
937 912 912 938
934 911 911 934
926 900 900 926
942 913 913 941
939 915 915 940
939 915 915 938
926 893 893 926
946 917 917 946
927 895 895 927
922 893 893 922
941 915 915 941
935 904 904 934
931 907 907 931
930 902 902 929
940 910 910 944
936 906 906 937
945 920 920 945
932 910 910 932
937 908 908 934
945 925 925 946
934 912 912 934
940 919 919 940
934 915 915 933
924 903 903 923
942 913 913 942
928 905 905 928
934 897 897 935
937 916 916 937
946 920 920 947
932 907 907 932
949 930 930 948
949 928 928 949
931 914 914 931
944 914 914 943
934 911 911 934
927 897 897 927
932 897 897 933
944 914 914 944
953 930 930 953
938 914 914 938
936 908 908 938
938 912 912 937
928 904 904 929
942 907 907 942
939 910 910 938
938 914 914 939
923 898 898 923
940 914 914 939
936 909 909 936
939 913 913 939
938 924 924 939
951 927 927 950
937 913 913 937
928 899 899 928
935 911 911 935
934 913 913 935
940 911 911 940
940 906 906 939
934 903 903 935
942 912 912 942
937 906 906 937
946 911 911 946
938 917 917 939
946 923 923 945
941 928 928 942
946 928 928 946
942 917 917 942
923 903 903 923
935 911 911 936
921 888 888 922
929 905 905 929
935 904 904 935
936 912 912 936
929 914 914 929
942 917 917 941
944 927 927 944
933 917 917 936
934 919 919 937
931 909 909 933
922 892 892 921
945 923 923 945
951 926 926 951
931 897 897 931
935 906 906 936
933 907 907 932
932 911 911 933
926 896 896 926
933 901 901 933
931 905 905 931
938 915 915 938
926 899 899 927
933 915 915 933
932 899 899 932
941 924 924 941
936 911 911 936
937 915 915 937
927 894 894 928
936 902 902 937
923 893 893 922
932 903 903 931
939 918 918 939
941 917 917 941
941 930 930 941
917 884 884 918
924 901 901 926
942 917 917 942
943 913 913 943
934 905 905 934
928 892 892 928
928 893 893 926
925 900 900 928
924 901 901 924
937 916 916 937
943 920 920 942
935 911 911 935
928 902 902 929
931 905 905 931
952 926 926 951
942 913 913 943
950 917 917 951
938 913 913 938
910 884 884 912
940 911 911 942
935 905 905 935
934 917 917 933
946 919 919 946
939 919 919 940
947 922 922 946
932 901 901 932
941 911 911 941
949 918 918 949
922 899 899 922
934 897 897 933
936 909 909 936
933 909 909 933
927 899 899 927
929 904 904 930
924 906 906 924
933 922 922 934
920 899 899 920
941 914 914 941
938 914 914 939
938 906 906 938
942 921 921 942
929 908 908 929
919 893 893 921
929 912 912 930
935 909 909 935
939 919 919 938
940 914 914 941
935 909 909 935
925 905 905 926
932 915 915 933
936 916 916 936
933 915 915 932
930 913 913 930
926 897 897 926
935 913 913 935
947 917 917 947
933 913 913 934
941 917 917 941
935 909 909 936
917 896 896 917
932 896 896 932
937 912 912 937
944 919 919 944
937 915 915 938
944 925 925 945
937 914 914 937
934 904 904 932
945 927 927 945
949 917 917 947
938 915 915 938
940 914 914 940
936 909 909 936
936 905 905 935
937 916 916 938
947 916 916 947
925 900 900 925
942 908 908 943
948 925 925 948
942 924 924 943
947 919 919 947
934 909 909 934
948 914 914 948
941 909 909 941
936 907 907 936
928 897 897 928
931 908 908 933
931 905 905 934
937 915 915 936
927 903 903 927
937 914 914 937
928 909 909 928
938 913 913 939
932 903 903 932
928 903 903 928
949 909 909 948
936 915 915 936
924 893 893 924
937 910 910 937
935 901 901 935
936 914 914 936
937 918 918 937
944 916 916 944
925 903 903 924
945 912 912 944
930 896 896 931
924 906 906 925
938 913 913 938
939 920 920 939
941 924 924 941
937 902 902 935
941 916 916 940
940 911 911 940
931 906 906 931
931 908 908 932
921 900 900 921
928 916 916 929
937 908 908 938
935 918 918 936
924 899 899 925
927 905 905 927
940 917 917 940
928 890 890 929
921 896 896 921
937 907 907 937
942 906 906 941
954 933 933 953
932 904 904 932
928 910 910 928
924 892 892 924
931 904 904 930
933 912 912 933
934 910 910 935
928 910 910 929
930 903 903 930
931 903 903 932
941 910 910 940
939 922 922 939
937 906 906 937
919 883 883 919
927 900 900 926
941 919 919 941
936 909 909 936
932 905 905 932
930 895 895 929
940 909 909 939
918 895 895 919
922 910 910 922
946 918 918 945
934 908 908 934
926 900 900 928
929 904 904 928
941 917 917 941
921 883 883 921
922 893 893 922
910 890 890 910
934 911 911 935
948 917 917 948
950 929 929 950
928 910 910 928
931 898 898 931
930 891 891 929
931 900 900 931
914 877 877 915
947 929 929 947
932 917 917 932
921 904 904 921
941 916 916 941
934 904 904 935
927 902 902 926
946 925 925 946
929 913 913 931
942 918 918 942
938 914 914 938
938 911 911 938
928 904 904 929
938 914 914 938
930 894 894 930
930 906 906 929
946 925 925 945
926 891 891 926
919 895 895 920
933 912 912 933
930 903 903 930
934 914 914 935
944 923 923 944
918 895 895 919
937 915 915 936
928 902 902 928
945 923 923 945
927 902 902 927
940 904 904 941
941 912 912 942
935 912 912 935
931 906 906 930
943 918 918 942
930 900 900 930
939 916 916 939
937 897 897 937
938 911 911 939
916 891 891 915
942 914 914 942
924 891 891 925
943 911 911 943
931 899 899 931
940 910 910 940
928 894 894 926
951 928 928 951
935 908 908 933
932 909 909 932
926 901 901 927
942 911 911 942
956 927 927 955
940 925 925 940
934 911 911 934
938 918 918 938
935 914 914 935
930 906 906 930
935 907 907 935
937 911 911 937
927 901 901 928
940 913 913 941
929 901 901 928
942 920 920 942
917 887 887 917
927 898 898 927
933 913 913 935
929 901 901 929
924 900 900 924
937 906 906 936
950 921 921 951
930 904 904 929
932 916 916 933
943 923 923 943
926 892 892 926
942 913 913 942
933 913 913 933
943 919 919 943
924 890 890 924
932 912 912 932
930 906 906 930
943 910 910 944
940 911 911 938
926 902 902 925
924 901 901 924
944 912 912 944
938 907 907 938
942 916 916 942
936 909 909 936
926 898 898 925
942 917 917 942
928 902 902 928
933 911 911 934
924 896 896 924
938 918 918 937
936 914 914 937
921 892 892 921
940 913 913 938
948 917 917 948
928 907 907 928
944 916 916 944
929 904 904 928
948 922 922 948
925 897 897 924
940 913 913 939
937 913 913 938
929 897 897 930
927 906 906 926
925 899 899 925
921 891 891 921
932 909 909 932
927 898 898 926
919 906 906 920
935 917 917 938
940 921 921 940
929 904 904 929
947 921 921 947
941 913 913 941
941 921 921 943
944 929 929 947
933 908 908 935
943 915 915 943
929 907 907 930
919 891 891 920
923 895 895 923
933 910 910 932
932 905 905 932
933 908 908 933
945 918 918 944
928 895 895 928
923 894 894 924
929 904 904 929
935 915 915 935
927 906 906 926
935 903 903 935
935 905 905 937
939 911 911 940
935 910 910 935
938 911 911 937
920 891 891 921
922 896 896 923
929 909 909 929
931 905 905 931
921 906 906 921
921 899 899 920
927 903 903 927
939 911 911 939
938 909 909 939
934 906 906 934
946 923 923 946
951 932 932 951
940 908 908 938
926 911 911 927
933 912 912 932
947 920 920 946
940 908 908 940
929 902 902 930
928 904 904 928
930 902 902 929
932 915 915 932
935 915 915 934
919 898 898 918
940 916 916 937
930 907 907 930
949 917 917 950
932 913 913 932
938 911 911 940
946 915 915 946
923 904 904 922
930 905 905 930
935 918 918 937
934 899 899 933
944 915 915 944
935 919 919 935
926 909 909 926
933 911 911 933
946 918 918 946
926 897 897 925
939 909 909 938
941 920 920 941
934 900 900 934
937 907 907 937
928 909 909 928
925 903 903 927
923 902 902 922
930 902 902 930
942 909 909 942
938 921 921 938
949 922 922 949
925 897 897 925
922 897 897 921
920 898 898 919
938 909 909 939
954 925 925 953
950 917 917 950
928 904 904 928
926 908 908 926
934 895 895 934
947 921 921 948
930 906 906 931
932 915 915 934
938 914 914 938
927 904 904 927
939 905 905 939
939 914 914 940
926 902 902 927
935 919 919 937
946 913 913 947
928 915 915 928
926 908 908 926
945 921 921 945
948 923 923 948
923 899 899 924
937 908 908 937
919 893 893 920
911 883 883 911
937 920 920 937
919 892 892 919
919 897 897 920
948 925 925 948
920 895 895 919
941 914 914 940
933 911 911 933
944 908 908 943
923 902 902 924
917 898 898 918
932 913 913 932
935 912 912 934
931 907 907 931
935 907 907 933
934 911 911 933
942 914 914 943
952 933 933 952
941 910 910 943
941 910 910 938
930 905 905 931
931 915 915 932
943 920 920 943
933 907 907 934
943 906 906 942
948 933 933 948
932 911 911 933
934 911 911 935
960 935 935 958
936 916 916 937
928 889 889 928
938 921 921 938
944 907 907 943
946 925 925 946
940 913 913 940
931 911 911 930
934 915 915 933
928 905 905 929
946 918 918 947
943 912 912 942
930 905 905 931
926 900 900 926
943 919 919 943
945 920 920 945
932 918 918 933
942 911 911 942
930 907 907 929
933 909 909 933
923 902 902 923
921 894 894 921
935 904 904 935
943 917 917 943
942 920 920 943
927 909 909 927
926 896 896 926
943 911 911 943
928 903 903 926
931 905 905 931
942 911 911 942
923 901 901 923
931 902 902 931
930 892 892 931
935 904 904 935
936 908 908 936
927 896 896 927
949 926 926 948
925 901 901 924
938 915 915 938
942 918 918 941
916 896 896 916
946 925 925 946
935 917 917 936
937 909 909 934
935 916 916 936
929 900 900 928
921 903 903 922
943 920 920 943
933 905 905 932
946 924 924 946
926 907 907 927
935 905 905 935
933 914 914 933
939 917 917 939
937 915 915 937
944 913 913 944
938 904 904 939
928 902 902 927
939 905 905 940
927 917 917 927
949 930 930 949
933 908 908 933
925 904 904 925
946 923 923 947
936 908 908 935
934 902 902 933
939 918 918 939
939 906 906 939
929 907 907 929
938 918 918 938
940 917 917 939
943 916 916 943
940 921 921 941
942 916 916 941
933 907 907 933
942 923 923 943
940 915 915 940
931 909 909 930
938 911 911 938
934 902 902 934
916 895 895 916
922 898 898 924
924 891 891 923
937 915 915 935
950 924 924 949
941 918 918 941
944 913 913 944
939 919 919 939
935 903 903 935
942 915 915 942
941 913 913 941
935 911 911 936
945 910 910 944
934 899 899 934
949 926 926 948
938 915 915 937
929 905 905 928
931 908 908 931
927 902 902 927
933 911 911 932
936 911 911 936
957 929 929 957
930 900 900 929
939 914 914 939
943 920 920 942
938 910 910 939
925 903 903 924
943 916 916 943
927 910 910 926
937 900 900 936
927 897 897 927
936 914 914 935
929 896 896 929
927 902 902 928
920 906 906 920
927 906 906 927
934 915 915 934
939 899 899 939
936 898 898 937
949 927 927 949
933 900 900 933
952 929 929 951
935 906 906 935
936 905 905 936
940 919 919 942
952 928 928 952
927 903 903 926
930 905 905 930
926 909 909 926
923 896 896 923
931 908 908 930
940 911 911 940
935 913 913 935
938 912 912 938
926 895 895 926
935 914 914 935
926 893 893 925
934 914 914 934
925 901 901 925
952 921 921 952
943 916 916 943
950 912 912 950
932 917 917 932
954 925 925 955
937 907 907 937
940 914 914 940
932 909 909 932
931 902 902 931
933 908 908 933
932 904 904 932
939 912 912 937
948 925 925 948
932 904 904 932
937 917 917 937
939 919 919 940
934 916 916 934
936 901 901 936
941 913 913 941
944 918 918 944
927 901 901 928
930 900 900 930
940 919 919 940
924 904 904 924
930 907 907 930
923 889 889 922
938 917 917 938
941 920 920 942
934 902 902 934
932 910 910 931
930 910 910 930
927 901 901 926
930 908 908 930
956 927 927 956
932 903 903 933
939 916 916 939
941 909 909 941
949 928 928 948
931 914 914 931
942 919 919 942
938 907 907 938
938 914 914 938
924 891 891 923
925 896 896 925
928 904 904 929
926 894 894 925
941 921 921 941
929 904 904 929
928 906 906 928
938 912 912 938
946 919 919 946
938 916 916 938
933 909 909 933
938 914 914 939
923 898 898 923
939 913 913 939
943 913 913 943
941 912 912 941
951 929 929 951
935 907 907 936
933 896 896 934
946 923 923 947
937 903 903 937
943 927 927 943
930 910 910 930
929 903 903 929
925 893 893 926
939 923 923 939
930 903 903 930
946 915 915 946
928 914 914 929
936 912 912 937
932 903 903 933
934 909 909 933
936 898 898 936
925 892 892 924
935 906 906 934
937 913 913 937
926 903 903 927
918 883 883 919
938 909 909 938
934 910 910 935
943 910 910 944
933 909 909 935
928 905 905 929
936 917 917 935
928 903 903 929
935 916 916 936
938 913 913 938
941 920 920 941
919 891 891 919
931 913 913 929
935 913 913 936
933 911 911 933
925 903 903 927
929 906 906 929
946 919 919 945
941 919 919 941
922 892 892 921
942 919 919 942
940 916 916 942
934 917 917 934
931 908 908 931
935 917 917 936
939 918 918 940
934 910 910 934
933 904 904 934
936 914 914 937
926 898 898 926
929 912 912 929
933 899 899 932
939 915 915 939
931 911 911 933
944 916 916 945
953 932 932 955
944 925 925 944
935 917 917 936
932 895 895 932
938 914 914 938
931 908 908 930
932 900 900 931
925 905 905 926
925 891 891 925
935 916 916 936
937 911 911 937
941 923 923 941
926 906 906 928
938 911 911 937
925 899 899 927
935 915 915 935

