87 76 76 94
91 77 77 93
78 64 64 78
89 76 76 93
86 73 73 91
100 81 81 101
87 73 73 90
84 71 71 90
100 82 82 104
101 82 82 103
87 73 73 93
93 81 81 95
92 81 81 97
96 79 79 98
91 75 75 91
88 75 75 92
109 87 87 113
107 92 92 108
97 80 80 104
108 80 80 111
99 85 85 104
88 77 77 93
102 80 80 103
78 70 70 84
88 67 67 91
90 84 84 97
82 76 76 85
90 74 74 99
93 72 72 98
94 80 80 97
78 68 68 84
95 70 70 96
101 87 87 100
112 98 98 117
96 81 81 97
100 81 81 104
105 89 89 111
77 59 59 80
78 70 70 81
92 79 79 94
107 88 88 110
103 89 89 110
84 69 69 86
81 67 67 84
88 72 72 91
91 81 81 94
76 62 62 78
92 76 76 96
95 80 80 97
102 89 89 103
90 71 71 92
101 86 86 103
88 74 74 92
87 70 70 91
90 74 74 92
90 71 71 93
95 81 81 99
103 95 95 111
78 67 67 83
83 74 74 88
90 69 69 95
92 74 74 96
89 77 77 93
86 75 75 89
84 71 71 88
100 82 82 105
101 84 84 104
91 75 75 96
101 85 85 107
92 81 81 98
91 76 76 100
99 82 82 100
104 89 89 106
85 74 74 86
79 57 57 81
83 71 71 90
87 66 66 89
87 72 72 91
96 78 78 99
85 70 70 88
98 71 71 97
117 98 98 117
91 66 66 92
91 82 82 97
92 72 72 102
76 67 67 80
103 83 83 113
100 88 88 99
81 70 70 87
90 76 76 95
106 93 93 110
95 83 83 100
84 71 71 88
94 86 86 98
101 86 86 106
99 82 82 100
97 81 81 99
91 79 79 93
80 72 72 81
85 74 74 91
105 89 89 108
91 81 81 96
93 75 75 96
81 65 65 82
101 89 89 106
88 64 64 91
87 78 78 91
88 71 71 92
103 87 87 104
81 70 70 84
91 77 77 93
78 65 65 81
89 77 77 92
102 88 88 103
98 86 86 100
92 76 76 94
77 67 67 78
104 92 92 109
98 88 88 104
93 75 75 98
108 96 96 110
113 96 96 117
84 72 72 90
90 76 76 92
81 68 68 85
95 81 81 102
88 79 79 91
93 81 81 97
82 74 74 88
98 72 72 100
89 78 78 97
99 82 82 103
76 67 67 79
94 80 80 97
93 76 76 93
102 81 81 105
100 83 83 102
97 79 79 99
96 76 76 98
111 92 92 113
88 68 68 93
90 74 74 90
95 79 79 96
89 74 74 88
95 74 74 99
93 82 82 98
105 89 89 111
102 86 86 104
105 92 92 107
82 72 72 87
100 76 76 100
84 75 75 89
84 71 71 89
84 68 68 88
87 77 77 91
96 84 84 100
104 87 87 105
93 76 76 96
97 87 87 105
103 88 88 108
105 85 85 104
86 74 74 93
98 78 78 103
78 69 69 85
82 73 73 87
98 87 87 103
83 68 68 91
100 79 79 102
86 76 76 91
74 63 63 74
87 76 76 90
87 76 76 89
88 79 79 93
103 87 87 106
92 75 75 95
89 74 74 93
93 76 76 98
97 79 79 100
97 85 85 103
91 71 71 92
91 78 78 95
86 80 80 91
89 74 74 94
101 81 81 108
90 72 72 93
95 80 80 100
79 64 64 83
87 71 71 89
90 81 81 95
91 86 86 98
108 88 88 109
87 69 69 89
79 67 67 82
96 75 75 97
97 81 81 100
102 87 87 106
115 92 92 116
83 70 70 87
89 76 76 91
93 73 73 97
88 75 75 92
89 73 73 90
87 70 70 89
100 87 87 105
100 87 87 107
93 77 77 97
88 68 68 91
85 73 73 88
84 65 65 87
92 74 74 94
94 73 73 97
107 98 98 113
91 82 82 94
119 102 102 120
96 82 82 100
102 83 83 106
102 79 79 103
96 73 73 102
86 68 68 88
89 67 67 90
96 80 80 103
88 75 75 92
92 80 80 96
87 72 72 91
102 86 86 107
115 94 94 119
108 83 83 110
98 82 82 100
78 71 71 80
82 68 68 83
97 85 85 99
98 82 82 99
109 90 90 114
75 67 67 77
89 78 78 93
92 84 84 96
103 83 83 106
81 70 70 87
91 77 77 91
95 82 82 101
103 88 88 107
93 81 81 98
74 66 66 76
99 84 84 103
102 83 83 101
112 97 97 119
94 84 84 101
87 71 71 91
101 82 82 106
92 74 74 97
95 78 78 97
89 79 79 94
77 67 67 80
112 91 91 116
92 76 76 98
88 74 74 93
95 86 86 98
88 76 76 90
91 79 79 101
96 83 83 100
98 78 78 104
111 99 99 114
96 80 80 99
82 65 65 85
100 81 81 103
97 79 79 102
84 74 74 85
80 67 67 86
93 74 74 94
102 91 91 107
109 91 91 110
94 78 78 96
99 87 87 101
101 81 81 104
89 70 70 90
103 91 91 110
73 61 61 75
89 77 77 94
80 65 65 82
102 92 92 106
100 86 86 109
101 82 82 102
89 76 76 90
104 84 84 107
82 63 63 89
109 90 90 117
84 72 72 91
89 72 72 91
90 79 79 94
99 85 85 104
92 79 79 94
79 73 73 84
80 68 68 83
96 85 85 100
88 76 76 92
106 85 85 107
106 94 94 110
95 79 79 96
83 70 70 86
91 75 75 93
97 82 82 101
101 86 86 105
85 69 69 88
87 73 73 92
99 75 75 103
84 69 69 85
83 68 68 89
89 79 79 94
93 77 77 97
89 67 67 94
108 80 80 110
91 80 80 97
84 69 69 87
103 89 89 103
101 87 87 107
99 87 87 103
85 71 71 91
101 78 78 103
87 81 81 90
95 83 83 100
113 100 100 119
76 61 61 79
86 58 58 87
101 83 83 107
99 80 80 99
83 67 67 89
97 89 89 104
83 75 75 84
111 81 81 115
91 74 74 93
93 77 77 96
86 68 68 87
93 82 82 99
81 70 70 83
88 68 68 90
95 78 78 98
77 66 66 82
79 67 67 78
82 72 72 85
103 85 85 108
87 69 69 87
83 68 68 88
91 82 82 96
93 78 78 94
91 83 83 94
81 68 68 84
100 78 78 102
90 73 73 90
86 67 67 87
88 70 70 90
90 75 75 93
92 78 78 94
90 78 78 94
83 76 76 89
106 84 84 111
79 72 72 82
93 81 81 98
86 76 76 87
79 69 69 82
78 69 69 79
88 74 74 93
84 73 73 88
104 90 90 109
103 85 85 106
97 78 78 101
77 65 65 79
103 94 94 108
92 74 74 97
92 74 74 96
110 98 98 112
96 83 83 99
94 79 79 96
84 70 70 88
99 80 80 101
99 85 85 100
81 64 64 84
118 96 96 120
84 74 74 89
90 76 76 93
92 83 83 100
118 99 99 121
106 88 88 108
98 78 78 101
87 71 71 92
115 97 97 115
101 88 88 104
103 82 82 106
98 80 80 100
86 78 78 88
90 76 76 92
93 82 82 95
93 76 76 96
97 87 87 101
97 81 81 103
89 78 78 92
89 81 81 93
98 79 79 108
102 78 78 106
100 81 81 101
104 89 89 108
99 79 79 101
96 74 74 96
87 70 70 86
86 73 73 91
98 87 87 100
74 67 67 79
96 87 87 104
92 84 84 95
117 95 95 122
100 79 79 101
94 76 76 96
100 89 89 108
89 78 78 91
112 86 86 114
92 87 87 95
86 75 75 90
97 83 83 102
88 69 69 93
83 73 73 86
95 79 79 95
97 83 83 102
82 74 74 86
97 85 85 100
87 72 72 91
75 62 62 78
78 64 64 83
99 85 85 104
88 71 71 88
88 71 71 91
79 69 69 82
92 76 76 95
82 67 67 83
106 92 92 111
100 77 77 102
103 90 90 107
84 68 68 87
77 67 67 80
90 79 79 92
93 80 80 96
101 83 83 103
94 78 78 95
90 79 79 97
94 76 76 97
78 66 66 83
87 78 78 92
105 94 94 107
108 89 89 112
97 74 74 102
84 73 73 88
74 64 64 77
94 77 77 98
83 72 72 87
111 94 94 114
98 82 82 100
90 74 74 93
92 78 78 94
80 74 74 87
87 68 68 90
86 70 70 91
97 81 81 100
92 75 75 92
109 91 91 111
89 76 76 93
99 85 85 101
86 70 70 90
97 78 78 100
96 77 77 101
99 81 81 102
91 77 77 92
85 76 76 94
92 71 71 95
82 67 67 86
78 66 66 80
95 85 85 101
98 78 78 102
95 77 77 104
104 97 97 109
98 86 86 102
117 96 96 120
89 77 77 93
77 63 63 81
100 85 85 105
95 76 76 97
88 71 71 90
88 81 81 92
84 73 73 89
85 73 73 93
76 64 64 83
90 81 81 92
80 68 68 82
104 92 92 108
74 63 63 76
91 70 70 92
95 78 78 98
98 80 80 101
81 76 76 88
85 72 72 87
100 85 85 107
95 75 75 98
90 76 76 91
87 80 80 89
80 70 70 87
91 76 76 97
83 65 65 81
101 87 87 105
106 87 87 110
79 68 68 80
82 71 71 85
94 77 77 98
86 76 76 90
82 65 65 85
94 72 72 94
88 72 72 88
93 72 72 95
93 75 75 97
75 61 61 80
85 75 75 92
98 75 75 97
98 85 85 102
90 78 78 94
84 76 76 91
82 64 64 84
83 69 69 82
85 71 71 90
95 80 80 98
91 75 75 94
86 75 75 90
100 84 84 104
94 74 74 100
107 89 89 108
84 76 76 85
86 64 64 88
97 78 78 102
92 74 74 94
90 79 79 97
111 90 90 115
83 70 70 87
91 83 83 99
93 77 77 95
83 74 74 87
95 83 83 97
93 78 78 97
85 72 72 85
90 78 78 91
101 81 81 109
90 72 72 90
98 79 79 100
105 96 96 112
93 76 76 96
96 82 82 98
78 67 67 82
80 64 64 82
80 70 70 83
85 74 74 88
83 74 74 89
101 90 90 104
97 74 74 99
90 67 67 92
85 78 78 84
90 82 82 93
97 78 78 104
84 66 66 86
84 72 72 84
86 75 75 92
80 71 71 83
99 82 82 102
96 72 72 95
72 59 59 74
104 90 90 109
110 97 97 115
77 64 64 82
90 77 77 93
90 77 77 96
87 72 72 91
109 93 93 111
85 68 68 89
83 66 66 86
84 74 74 87
100 78 78 103
106 87 87 106
96 78 78 97
85 72 72 86
93 73 73 94
93 75 75 95
87 74 74 89
95 70 70 100
96 83 83 99
104 83 83 105
87 74 74 88
93 78 78 96
92 85 85 99
90 77 77 93
86 68 68 89
80 64 64 83
105 84 84 105
82 70 70 89
92 81 81 94
95 77 77 98
97 76 76 98
92 80 80 96
97 84 84 96
103 84 84 100
96 78 78 97
86 70 70 90
104 88 88 108
88 76 76 90
112 95 95 115
96 80 80 101
83 72 72 86
94 79 79 95
101 86 86 105
107 96 96 106
109 92 92 113
87 78 78 91
97 79 79 96
115 99 99 119
85 67 67 89
98 79 79 99
84 70 70 85
116 100 100 116
99 91 91 103
108 94 94 111
86 61 61 84
106 91 91 106
106 84 84 108
101 88 88 107
97 86 86 98
109 97 97 114
82 75 75 89
80 64 64 85
103 83 83 105
96 84 84 106
82 67 67 85
87 63 63 88
95 77 77 98
94 80 80 98
96 75 75 99
93 73 73 95
102 87 87 105
107 87 87 107
104 88 88 111
103 87 87 107
86 67 67 88
118 101 101 122
91 84 84 96
78 65 65 81
101 83 83 106
98 76 76 99
87 66 66 91
113 101 101 117
107 85 85 110
91 75 75 96
102 85 85 103
113 99 99 118
104 81 81 109
99 88 88 104
101 82 82 103
92 74 74 99
88 79 79 92
101 84 84 104
85 78 78 89
88 66 66 89
85 72 72 89
112 95 95 115
89 70 70 92
90 69 69 91
91 77 77 97
87 75 75 89
94 78 78 96
81 74 74 86
85 73 73 89
90 72 72 90
78 68 68 82
86 74 74 90
71 71 71 82
103 83 83 107
91 75 75 95
104 86 86 104
103 85 85 104
85 71 71 90
99 89 89 103
83 72 72 87
75 65 65 75
87 74 74 87
111 92 92 114
89 75 75 96
87 73 73 89
98 87 87 102
94 80 80 102
86 77 77 87
81 68 68 89
91 71 71 95
92 75 75 92
79 65 65 80
90 79 79 89
98 79 79 101
111 91 91 115
94 74 74 96
98 75 75 102
100 89 89 106
95 77 77 95
80 72 72 85
88 76 76 89
92 79 79 96
73 58 58 72
94 83 83 98
82 68 68 86
98 86 86 100
86 70 70 89
100 89 89 105
107 91 91 109
98 86 86 103
93 76 76 99
86 72 72 89
80 69 69 83
92 81 81 95
79 70 70 80
98 84 84 101
82 70 70 87
95 78 78 93
89 79 79 91
98 84 84 103
91 75 75 97
92 77 77 95
95 78 78 95
84 76 76 90
102 86 86 104
87 76 76 88
97 83 83 104
87 75 75 91
91 76 76 92
95 81 81 96
88 78 78 92
80 67 67 83
96 83 83 97
94 76 76 97
90 74 74 92
92 87 87 95
93 81 81 94
102 86 86 104
93 79 79 98
106 90 90 109
105 88 88 110
99 84 84 101
95 76 76 94
100 83 83 103
77 61 61 79
98 85 85 104
96 86 86 101
95 86 86 101
92 74 74 96
96 78 78 101
96 84 84 97
97 79 79 103
88 75 75 89
78 73 73 81
97 79 79 98
96 78 78 95
102 89 89 102
99 83 83 104
95 81 81 97
95 76 76 97
88 75 75 90
99 83 83 105
79 64 64 80
85 72 72 86
86 76 76 88
92 75 75 95
74 60 60 75
87 69 69 93
103 81 81 108
109 86 86 114
93 86 86 97
94 74 74 100
93 85 85 99
104 79 79 109
94 73 73 97
91 74 74 95
108 86 86 109
89 81 81 94
91 73 73 97
101 82 82 104
88 65 65 93
77 64 64 80
90 78 78 93
97 85 85 103
97 88 88 101
116 93 93 119
90 77 77 91
98 85 85 102
91 73 73 94
94 79 79 94
95 84 84 99
84 73 73 87
78 68 68 80
71 57 57 78
98 82 82 100
81 73 73 87
83 67 67 90
101 89 89 104
84 74 74 89
93 84 84 101
117 91 91 118
97 78 78 100
79 69 69 80
104 84 84 108
94 79 79 97
79 71 71 83
92 80 80 95
92 73 73 94
95 82 82 99
103 88 88 109
90 76 76 91
93 77 77 96
92 76 76 100
105 91 91 106
85 69 69 86
79 67 67 82
81 69 69 85
77 66 66 80
93 76 76 96
112 87 87 114
107 91 91 112
109 89 89 112
106 88 88 109
93 78 78 97
97 88 88 99
83 71 71 84
76 65 65 83
98 81 81 101
94 79 79 95
77 69 69 82
80 72 72 87
95 84 84 97
103 92 92 107
91 72 72 92
90 75 75 93
89 72 72 91
93 73 73 95
86 77 77 93
107 89 89 108
84 69 69 85
89 76 76 92
79 69 69 83
104 90 90 108
104 83 83 104
86 66 66 88
87 73 73 93
105 88 88 108
87 73 73 92
89 74 74 94
94 80 80 96
81 61 61 84
107 96 96 112
84 75 75 91
99 83 83 99
99 89 89 104
77 67 67 82
114 91 91 117
98 84 84 100
103 85 85 107
92 73 73 98
99 87 87 102
99 77 77 100
86 70 70 89
87 79 79 91
99 86 86 101
83 72 72 84
91 75 75 94
92 75 75 101
75 67 67 81
108 96 96 111
78 63 63 80
87 67 67 89
97 83 83 99
100 83 83 100
107 84 84 110
84 71 71 89
94 75 75 97
77 66 66 77
96 83 83 104
84 68 68 84
101 84 84 106
92 83 83 99
100 85 85 100
98 88 88 102
93 76 76 98
90 76 76 91
102 85 85 105
82 63 63 84
87 69 69 87
101 83 83 109
104 88 88 105
85 69 69 87
105 89 89 106
98 83 83 100
110 86 86 114
90 77 77 92
73 57 57 75
91 79 79 96
98 82 82 103
84 73 73 88
83 70 70 85
87 76 76 95
96 79 79 96
92 80 80 95
91 72 72 91
110 91 91 114
98 83 83 101
83 63 63 88
97 80 80 101
101 76 76 102
95 78 78 103
95 78 78 101
121 99 99 122
97 86 86 100
89 75 75 90
113 93 93 122
91 80 80 94
86 68 68 87
94 73 73 97
81 68 68 84
101 83 83 105
88 73 73 93
101 79 79 104
94 84 84 96
100 83 83 104
83 67 67 91
97 81 81 99
95 83 83 95
94 78 78 97
84 71 71 86
89 83 83 94
79 65 65 83
90 74 74 92
81 72 72 86
96 78 78 99
100 95 95 103
84 71 71 87
90 75 75 94
106 91 91 109
110 93 93 112
92 86 86 98
113 87 87 113
103 87 87 104
90 74 74 91
96 87 87 99
80 67 67 83
92 83 83 95
88 71 71 96
85 73 73 89
88 69 69 94
84 77 77 88
81 68 68 86
100 86 86 108
80 68 68 88
95 80 80 96
84 70 70 85
92 75 75 93
97 85 85 105
88 72 72 90
93 85 85 97
102 85 85 102
90 79 79 93
89 76 76 93
96 73 73 100
95 85 85 102
93 77 77 96
103 90 90 108
95 82 82 97
84 67 67 86
86 74 74 88
84 74 74 87
75 59 59 78
92 75 75 95
93 68 68 95
96 85 85 99
95 83 83 99
92 75 75 94
95 78 78 97
75 67 67 77
94 79 79 95
82 73 73 84
103 91 91 104
101 87 87 104
93 78 78 95
93 78 78 97
95 81 81 94
92 72 72 97
102 88 88 106
93 82 82 98
94 78 78 96
110 96 96 111
102 88 88 104
113 97 97 118
84 68 68 84
82 69 69 86
98 85 85 105
92 71 71 99
79 62 62 81

