301 141 141 311
311 169 169 321
295 151 151 308
307 171 171 317
322 162 162 331
318 159 159 325
308 159 159 320
307 156 156 309
301 149 149 314
318 165 165 328
305 146 146 313
303 153 153 311
319 158 158 341
285 149 149 298
289 127 127 303
294 151 151 305
313 160 160 323
336 170 170 351
310 159 159 314
309 153 153 317
296 160 160 304
298 146 146 305
285 131 131 287
285 143 143 301
314 159 159 332
315 154 154 324
331 145 145 337
312 173 173 324
302 163 163 312
300 151 151 312
329 167 167 331
303 141 141 320
317 156 156 327
317 168 168 328
301 160 160 309
319 157 157 327
302 155 155 322
309 153 153 317
297 158 158 304
324 177 177 337
290 151 151 301
317 155 155 321
320 170 170 328
302 148 148 314
353 191 191 356
293 163 163 309
294 146 146 307
304 160 160 309
313 151 151 324
297 138 138 303
322 163 163 331
296 161 161 310
312 163 163 328
274 123 123 287
313 158 158 325
303 141 141 314
323 175 175 326
303 155 155 311
307 164 164 318
316 152 152 328
280 145 145 296
318 177 177 322
311 154 154 323
299 127 127 311
323 159 159 325
316 153 153 319
299 165 165 315
311 164 164 317
307 153 153 315
300 144 144 301
321 154 154 333
320 149 149 327
308 160 160 316
310 151 151 325
301 134 134 311
292 151 151 300
308 163 163 319
321 161 161 332
304 148 148 308
313 158 158 323
331 157 157 333
309 163 163 320
288 159 159 297
320 151 151 337
316 160 160 323
269 124 124 286
309 148 148 315
305 175 175 318
284 136 136 292
331 157 157 338
330 155 155 340
289 128 128 298
306 153 153 311
306 151 151 311
288 153 153 298
330 178 178 340
323 165 165 338
310 158 158 317
292 143 143 302
315 158 158 321
314 157 157 333
298 140 140 308
322 157 157 324
318 170 170 325
311 157 157 319
327 175 175 340
319 156 156 319
322 170 170 337
295 143 143 305
289 137 137 299
314 172 172 327
274 138 138 281
263 128 128 279
324 171 171 333
313 157 157 318
321 161 161 328
322 154 154 333
313 150 150 327
311 146 146 324
308 172 172 315
314 159 159 326
311 149 149 316
313 149 149 327
291 143 143 303
316 171 171 326
328 179 179 337
323 154 154 334
306 166 166 313
315 163 163 332
315 164 164 326
345 182 182 353
307 156 156 320
296 157 157 305
308 150 150 323
316 154 154 320
340 160 160 349
336 173 173 342
303 154 154 313
316 165 165 323
314 147 147 328
325 177 177 336
312 152 152 324
298 140 140 314
317 142 142 332
307 139 139 326
304 158 158 305
310 144 144 319
331 181 181 342
321 153 153 334
316 156 156 323
310 156 156 311
309 165 165 323
326 149 149 335
325 171 171 335
302 140 140 312
323 166 166 331
309 152 152 320
309 155 155 318
352 187 187 360
335 164 164 344
336 161 161 354
307 159 159 318
301 135 135 308
354 159 159 361
306 155 155 314
312 162 162 320
294 141 141 300
311 135 135 328
318 157 157 328
308 154 154 322
317 160 160 320
321 160 160 330
315 161 161 334
309 128 128 320
314 146 146 320
315 157 157 331
294 154 154 308
319 144 144 325
332 156 156 335
323 177 177 339
335 158 158 341
299 144 144 312
318 156 156 324
328 158 158 341
307 149 149 322
316 151 151 326
327 158 158 336
302 155 155 313
311 149 149 324
308 154 154 316
301 152 152 310
301 152 152 318
307 151 151 318
318 167 167 329
294 142 142 299
294 152 152 309
327 164 164 336
311 157 157 325
323 147 147 325
319 168 168 336
304 152 152 301
301 149 149 307
311 148 148 316
304 156 156 311
300 136 136 305
311 156 156 321
316 151 151 329
298 156 156 312
299 157 157 311
300 158 158 309
311 162 162 318
314 156 156 320
308 151 151 312
314 162 162 325
311 155 155 318
318 161 161 320
314 167 167 327
321 164 164 331
318 150 150 332
298 147 147 305
275 148 148 280
316 151 151 328
316 164 164 323
307 166 166 318
286 155 155 297
317 168 168 325
309 166 166 318
316 161 161 321
298 167 167 308
287 143 143 299
313 149 149 324
304 141 141 320
313 172 172 321
306 150 150 316
296 150 150 309
310 154 154 319
319 158 158 329
276 145 145 290
315 163 163 325
339 163 163 362
317 161 161 325
307 149 149 319
296 135 135 306
324 161 161 335
325 150 150 334
298 152 152 306
321 169 169 328
315 154 154 322
294 123 123 302
301 163 163 308
330 172 172 348
303 167 167 324
308 151 151 319
301 148 148 312
299 146 146 311
328 174 174 339
280 135 135 292
298 137 137 306
313 149 149 321
329 175 175 345
307 163 163 318
296 148 148 307
324 159 159 329
334 171 171 342
315 166 166 330
299 146 146 305
288 152 152 301
337 169 169 346
314 154 154 323
310 163 163 318
326 167 167 337
321 155 155 329
347 173 173 354
305 138 138 302
313 156 156 325
326 151 151 331
320 172 172 330
323 160 160 329
313 154 154 326
306 160 160 314
312 162 162 324
292 147 147 305
328 152 152 339
307 166 166 324
334 178 178 349
309 154 154 317
285 137 137 295
332 168 168 335
303 153 153 307
324 167 167 333
324 163 163 326
301 152 152 313
346 159 159 351
309 156 156 317
305 153 153 318
318 165 165 330
317 152 152 329
334 173 173 344
326 150 150 336
277 138 138 287
307 146 146 313
349 178 178 358
327 167 167 337
313 157 157 323
329 147 147 335
325 181 181 337
344 162 162 354
297 143 143 308
315 153 153 317
339 161 161 337
304 154 154 322
324 153 153 339
298 143 143 313
339 158 158 340
303 145 145 309
323 168 168 331
295 143 143 299
326 168 168 343
321 173 173 342
325 175 175 336
309 157 157 318
303 172 172 315
320 168 168 319
284 132 132 295
309 160 160 320
298 156 156 307
308 150 150 325
314 153 153 322
308 154 154 314
317 165 165 322
301 144 144 316
321 153 153 326
307 152 152 316
320 172 172 335
309 154 154 319
302 136 136 314
306 148 148 317
311 164 164 322
325 163 163 340
290 148 148 301
316 162 162 329
300 141 141 311
333 162 162 348
338 174 174 345
295 159 159 302
314 165 165 322
317 153 153 326
308 171 171 313
302 143 143 314
316 149 149 329
310 139 139 317
335 189 189 350
309 147 147 315
318 158 158 328
333 156 156 337
311 174 174 323
309 157 157 314
312 157 157 321
312 146 146 325
338 174 174 348
298 145 145 311
316 158 158 325
306 153 153 312
306 162 162 318
329 148 148 340
313 141 141 320
289 151 151 310
307 135 135 312
322 161 161 332
309 158 158 322
299 137 137 307
339 173 173 345
311 140 140 316
309 148 148 318
324 159 159 332
294 141 141 311
301 141 141 311
291 129 129 309
308 153 153 319
305 150 150 314
368 203 203 375
313 145 145 321
321 156 156 330
322 176 176 326
294 152 152 299
306 135 135 319
315 160 160 331
322 156 156 326
288 139 139 300
312 149 149 323
316 156 156 329
295 156 156 302
302 154 154 315
310 149 149 326
314 157 157 325
324 168 168 328
309 159 159 317
317 152 152 332
317 189 189 326
273 137 137 280
295 155 155 305
311 152 152 312
319 150 150 330
301 156 156 310
324 147 147 333
289 153 153 306
299 147 147 312
299 143 143 313
324 168 168 329
308 144 144 321
334 163 163 342
307 159 159 318
324 172 172 329
283 145 145 293
335 160 160 334
291 150 150 299
300 158 158 318
320 160 160 336
317 168 168 327
315 164 164 323
312 146 146 316
305 153 153 315
285 151 151 295
303 149 149 312
305 144 144 318
329 168 168 339
308 154 154 313
321 168 168 331
339 172 172 351
354 160 160 364
296 162 162 298
305 142 142 316
315 153 153 325
326 167 167 340
313 153 153 323
313 149 149 319
322 147 147 335
324 149 149 327
330 167 167 343
324 165 165 331
323 157 157 329
304 149 149 314
304 160 160 309
321 157 157 332
313 167 167 316
308 159 159 322
300 143 143 308
309 152 152 313
313 149 149 322
309 150 150 320
326 157 157 341
308 152 152 315
311 170 170 322
305 156 156 308
295 142 142 310
315 160 160 330
302 166 166 316
310 155 155 317
313 146 146 316
314 151 151 320
320 172 172 329
279 139 139 288
331 173 173 336
299 162 162 319
318 164 164 335
309 145 145 319
320 160 160 331
322 168 168 326
323 161 161 330
314 157 157 325
317 145 145 326
317 164 164 329
319 156 156 330
329 161 161 337
342 174 174 353
312 148 148 323
309 171 171 322
314 157 157 315
305 141 141 309
319 155 155 330
298 118 118 307
287 136 136 301
297 157 157 302
305 150 150 312
315 147 147 329
315 146 146 326
323 155 155 330
321 156 156 331
305 156 156 319
327 177 177 340
315 169 169 328
294 146 146 302
306 161 161 315
309 149 149 320
304 141 141 314
318 160 160 320
323 151 151 333
313 165 165 326
306 150 150 320
340 167 167 355
293 143 143 302
300 138 138 307
333 175 175 344
310 144 144 316
338 161 161 344
287 140 140 294
297 149 149 306
304 145 145 319
303 150 150 319
325 153 153 328
303 127 127 320
330 166 166 346
315 161 161 326
312 151 151 321
318 168 168 332
323 160 160 328
305 166 166 318
326 169 169 340
309 152 152 319
293 141 141 301
329 164 164 333
316 165 165 325
306 159 159 311
309 156 156 316
332 163 163 345
292 147 147 294
312 150 150 323
335 169 169 344
302 150 150 311
318 158 158 333
346 180 180 350
307 185 185 320
296 153 153 302
285 148 148 300
315 160 160 323
304 146 146 317
273 138 138 289
319 153 153 329
311 166 166 320
304 139 139 309
308 158 158 316
343 165 165 349
332 160 160 339
303 154 154 316
316 159 159 328
337 170 170 346
321 163 163 339
300 159 159 311
310 175 175 334
285 136 136 293
305 150 150 316
306 142 142 317
305 148 148 314
318 163 163 321
326 182 182 339
323 156 156 327
305 157 157 311
309 160 160 322
301 155 155 313
281 143 143 286
296 151 151 309
318 140 140 334
290 134 134 297
296 149 149 304
303 168 168 314
289 145 145 298
308 158 158 317
312 149 149 320
326 175 175 339
317 150 150 321
293 135 135 298
335 170 170 351
334 171 171 347
296 155 155 311
313 168 168 321
325 172 172 332
308 165 165 325
322 153 153 330
331 162 162 343
293 143 143 303
295 142 142 306
320 167 167 334
307 164 164 314
327 168 168 332
314 156 156 318
325 164 164 333
303 164 164 317
300 142 142 314
296 150 150 307
301 143 143 308
317 161 161 329
302 144 144 314
302 158 158 310
306 143 143 313
328 172 172 336
315 163 163 325
301 141 141 313
316 175 175 321
306 144 144 317
324 161 161 335
325 166 166 334
301 160 160 308
279 129 129 282
318 171 171 331
293 124 124 299
314 162 162 326
317 141 141 331
300 153 153 305
295 145 145 301
297 159 159 299
294 139 139 300
291 133 133 305
300 157 157 310
306 154 154 315
326 180 180 339
326 161 161 333
299 157 157 306
310 142 142 326
321 161 161 334
307 160 160 314
292 138 138 300
309 157 157 320
284 135 135 293
295 148 148 310
315 165 165 330
310 151 151 326
317 171 171 329
302 143 143 314
297 160 160 312
314 169 169 327
316 162 162 328
334 176 176 347
278 139 139 289
316 158 158 330
297 142 142 310
327 157 157 337
305 141 141 315
308 149 149 314
312 178 178 321
295 149 149 316
331 170 170 345
333 175 175 348
307 147 147 311
331 157 157 343
321 177 177 338
319 153 153 327
310 147 147 316
304 154 154 319
324 154 154 337
320 156 156 327
316 163 163 330
294 134 134 311
308 165 165 322
310 167 167 322
312 147 147 335
327 164 164 339
292 145 145 305
303 156 156 316
299 138 138 308
325 147 147 332
311 156 156 316
307 161 161 318
330 166 166 340
315 158 158 324
339 174 174 345
320 156 156 331
288 150 150 302
335 174 174 343
321 164 164 329
307 159 159 315
322 155 155 332
297 152 152 314
300 169 169 312
318 153 153 328
318 172 172 330
307 151 151 318
329 158 158 337
304 169 169 313
318 164 164 329
323 155 155 333
312 157 157 321
322 165 165 341
325 163 163 330
305 162 162 313
294 165 165 299
286 125 125 298
302 131 131 316
294 144 144 306
301 156 156 303
324 157 157 334
329 187 187 340
302 138 138 305
321 164 164 329
301 152 152 313
338 168 168 349
356 204 204 364
306 149 149 310
323 158 158 331
312 149 149 329
310 152 152 316
302 166 166 312
307 151 151 316
301 153 153 321
285 139 139 294
300 146 146 313
321 178 178 328
323 163 163 330
326 166 166 332
328 171 171 337
336 176 176 339
312 163 163 325
317 167 167 321
333 174 174 335
317 142 142 327
310 159 159 318
305 158 158 312
329 179 179 340
311 155 155 324
290 133 133 297
316 152 152 326
299 142 142 308
295 148 148 307
306 139 139 319
309 150 150 316
279 122 122 288
299 139 139 306
321 163 163 330
295 139 139 310
331 162 162 350
301 139 139 309
296 146 146 304
331 166 166 336
324 159 159 336
337 158 158 341
303 133 133 313
286 151 151 295
281 139 139 292
302 144 144 308
323 153 153 326
324 150 150 328
284 140 140 289
333 180 180 343
316 149 149 322
335 168 168 347
310 147 147 322
318 153 153 326
298 144 144 314
308 135 135 324
317 166 166 330
328 177 177 339
308 153 153 310
295 148 148 299
343 182 182 354
321 165 165 328
309 154 154 320
311 161 161 324
307 168 168 317
305 142 142 317
321 167 167 327
332 158 158 351
307 166 166 312
313 145 145 316
327 164 164 340
318 144 144 328
292 167 167 299
306 162 162 315
322 184 184 334
313 153 153 329
293 154 154 295
316 150 150 323
349 177 177 364
294 154 154 295
278 142 142 289
306 150 150 313
316 160 160 322
293 148 148 303
320 157 157 329
288 171 171 298
320 158 158 327
326 155 155 333
319 161 161 330
324 151 151 331
319 143 143 320
309 159 159 318
299 154 154 307
300 148 148 314
329 162 162 338
311 149 149 325
321 170 170 330
326 172 172 330
320 152 152 333
297 157 157 309
330 164 164 337
328 179 179 341
299 152 152 307
305 148 148 311
326 162 162 335
311 142 142 330
305 150 150 310
311 167 167 317
304 150 150 316
302 138 138 312
310 160 160 319
321 156 156 326
313 157 157 325
289 154 154 302
302 145 145 315
305 145 145 312
329 183 183 338
319 160 160 329
310 159 159 324
291 154 154 309
310 150 150 321
286 142 142 302
336 171 171 345
290 151 151 302
291 157 157 301
303 162 162 315
304 151 151 312
287 154 154 297
321 158 158 323
316 175 175 324
291 151 151 301
321 152 152 330
322 163 163 337
319 148 148 331
304 146 146 309
298 161 161 305
321 177 177 332
314 150 150 327
318 151 151 328
325 148 148 340
304 161 161 305
334 157 157 350
296 157 157 305
308 140 140 314
294 133 133 299
313 143 143 325
336 164 164 340
342 165 165 354
300 153 153 314
296 155 155 309
294 154 154 305
293 147 147 305
286 137 137 292
301 152 152 306
336 164 164 346
332 152 152 347
322 154 154 335
279 140 140 299
319 152 152 329
300 152 152 311
298 146 146 306
301 141 141 305
284 130 130 298
277 143 143 288
322 155 155 334
297 153 153 305
309 160 160 320
301 167 167 309
308 162 162 333
316 162 162 324
339 160 160 346
311 155 155 327
324 145 145 335
307 131 131 308
305 127 127 312
310 154 154 330
331 172 172 338
279 137 137 300
326 166 166 331
328 176 176 338
313 148 148 321
307 155 155 321
325 174 174 332
305 142 142 317
315 156 156 329
303 144 144 312
303 151 151 306
320 167 167 332
293 145 145 304
314 148 148 316
300 149 149 317
298 135 135 311
321 150 150 329
318 152 152 333
296 148 148 311
314 149 149 325
308 140 140 309
305 158 158 320
315 175 175 322
314 152 152 330
324 164 164 337
316 153 153 320
297 135 135 307
294 160 160 302
322 163 163 334
289 149 149 307
319 150 150 326
338 171 171 353
306 157 157 314
336 175 175 342
319 160 160 321
320 162 162 334
309 147 147 311
311 149 149 318
307 138 138 317
301 149 149 317
316 154 154 327
328 161 161 333
302 147 147 313
300 144 144 309
316 152 152 323
309 155 155 317
301 163 163 309
308 157 157 323
297 130 130 305
319 178 178 329
305 146 146 318
337 177 177 348
307 162 162 310
302 146 146 309
325 166 166 338
313 141 141 325
305 155 155 329
307 154 154 321
320 164 164 321
295 154 154 301
305 152 152 316
309 138 138 312
337 159 159 353
301 151 151 308
304 144 144 314
300 140 140 303
307 157 157 323
320 173 173 325
315 159 159 322
336 178 178 348
291 151 151 300
327 165 165 339
309 145 145 313
337 175 175 344
302 157 157 310
310 140 140 324
313 164 164 327
295 148 148 302
300 167 167 318
342 174 174 356
308 161 161 311
321 165 165 330
349 175 175 354
296 139 139 312
329 163 163 339
307 152 152 319
318 144 144 329
325 171 171 337
337 173 173 351
329 164 164 335
308 164 164 317
295 163 163 305
285 139 139 293
319 149 149 326
293 154 154 297
318 161 161 331
308 148 148 324
314 161 161 330
314 149 149 328
342 169 169 356
317 168 168 333
312 153 153 315
291 145 145 299
307 152 152 317
308 153 153 320
304 158 158 318
346 175 175 353
319 179 179 335
311 151 151 323
301 136 136 313
323 150 150 334
319 160 160 331
314 157 157 315
317 151 151 326
304 152 152 312
310 163 163 324
308 156 156 316
300 162 162 308
293 156 156 301
314 161 161 323
319 155 155 331
324 154 154 329
322 170 170 329
290 147 147 295
301 144 144 307
306 149 149 313
306 144 144 309
314 154 154 324
308 138 138 326
331 151 151 334
347 161 161 353
321 149 149 321

