805 707 707 804
795 713 713 798
792 709 709 801
786 710 710 788
771 686 686 772
791 716 716 795
772 694 694 774
786 692 692 793
811 731 731 813
791 718 718 791
831 740 740 829
807 715 715 806
778 700 700 780
784 718 718 788
794 688 688 793
805 726 726 807
826 733 733 829
788 692 692 792
801 712 712 801
807 720 720 808
784 698 698 789
793 700 700 798
790 697 697 794
800 718 718 801
793 725 725 796
793 727 727 800
786 701 701 787
803 721 721 806
785 703 703 797
787 702 702 794
791 717 717 795
808 725 725 813
807 719 719 809
794 701 701 795
812 724 724 816
786 707 707 792
798 718 718 801
799 713 713 800
800 718 718 802
789 697 697 789
810 723 723 809
812 708 708 821
822 734 734 819
783 710 710 791
799 711 711 801
811 725 725 812
780 712 712 782
796 722 722 797
788 687 687 787
786 690 690 788
794 692 692 797
784 708 708 784
789 702 702 794
810 723 723 812
784 698 698 788
796 709 709 804
791 710 710 793
821 725 725 828
791 701 701 792
811 742 742 814
796 719 719 802
785 702 702 789
790 702 702 786
791 701 701 793
763 678 678 769
789 704 704 792
808 712 712 805
776 698 698 778
790 708 708 791
808 717 717 810
759 686 686 773
813 732 732 818
794 728 728 802
813 714 714 817
802 711 711 801
815 739 739 818
797 702 702 791
785 700 700 789
775 684 684 780
804 715 715 808
814 746 746 817
786 711 711 786
790 692 692 790
792 702 702 799
794 701 701 796
786 701 701 787
805 736 736 804
810 702 702 814
790 701 701 797
781 706 706 785
799 705 705 808
766 691 691 774
802 708 708 807
795 710 710 797
808 734 734 810
784 689 689 785
799 717 717 799
770 685 685 775
803 723 723 808
803 711 711 807
789 701 701 790
799 713 713 797
807 721 721 811
805 716 716 805
799 697 697 801
815 724 724 816
810 718 718 811
771 695 695 775
770 686 686 775
778 698 698 776
818 734 734 817
798 691 691 800
788 695 695 789
798 712 712 806
776 705 705 779
793 685 685 797
796 723 723 803
766 677 677 773
782 702 702 787
800 696 696 804
781 698 698 784
810 736 736 818
768 688 688 768
792 709 709 796
786 712 712 791
782 702 702 789
784 718 718 789
775 691 691 780
798 713 713 804
797 709 709 802
797 698 698 796
790 708 708 794
781 699 699 782
781 693 693 782
794 706 706 800
786 700 700 787
794 699 699 803
813 724 724 807
802 728 728 803
772 675 675 775
766 676 676 773
792 705 705 794
790 705 705 792
766 685 685 769
804 714 714 802
756 686 686 763
799 714 714 801
768 680 680 768
787 701 701 790
782 700 700 785
777 691 691 781
798 713 713 801
787 708 708 794
776 690 690 776
789 704 704 796
808 705 705 810
792 696 696 796
791 697 697 792
801 725 725 802
791 699 699 792
793 704 704 795
793 700 700 797
813 723 723 813
805 720 720 810
791 691 691 794
790 712 712 796
806 724 724 812
810 721 721 815
771 679 679 777
788 692 692 792
814 726 726 816
803 709 709 808
790 702 702 793
792 698 698 796
812 736 736 816
782 695 695 789
819 722 722 821
781 699 699 785
810 713 713 811
785 702 702 790
788 688 688 790
799 706 706 799
796 704 704 796
782 707 707 784
798 727 727 802
778 688 688 784
796 697 697 799
771 682 682 777
777 696 696 778
812 721 721 814
791 694 694 795
795 731 731 803
806 728 728 807
800 709 709 808
805 712 712 807
798 700 700 800
788 728 728 789
771 703 703 773
795 713 713 796
775 701 701 778
803 704 704 808
796 697 697 801
792 718 718 799
802 706 706 806
785 694 694 792
796 708 708 796
800 724 724 803
777 707 707 781
779 688 688 784
775 692 692 776
790 709 709 790
806 724 724 808
794 706 706 802
798 712 712 802
798 715 715 805
797 708 708 800
798 706 706 804
823 737 737 826
773 687 687 774
783 708 708 788
792 704 704 792
817 715 715 820
788 706 706 792
817 720 720 821
795 706 706 798
799 718 718 806
772 682 682 779
809 725 725 814
804 717 717 805
788 702 702 789
808 728 728 810
796 710 710 798
810 717 717 814
814 737 737 812
783 684 684 785
788 701 701 788
786 702 702 790
802 728 728 805
796 711 711 799
783 683 683 790
781 686 686 788
812 722 722 820
807 725 725 813
767 688 688 770
795 689 689 793
789 714 714 792
789 695 695 784
792 702 702 793
784 700 700 788
796 714 714 797
786 679 679 787
790 696 696 792
810 716 716 815
801 706 706 800
801 728 728 804
795 704 704 797
777 691 691 784
807 717 717 810
796 721 721 801
806 723 723 812
795 720 720 798
790 699 699 794
797 696 696 802
814 715 715 817
793 702 702 793
794 695 695 800
813 731 731 818
780 694 694 780
795 717 717 798
796 705 705 797
804 697 697 804
776 697 697 783
794 718 718 798
778 689 689 781
808 715 715 812
792 689 689 790
805 728 728 811
803 694 694 804
803 712 712 805
794 718 718 796
796 712 712 802
789 682 682 793
782 701 701 787
793 695 695 794
792 714 714 799
802 712 712 807
809 716 716 811
802 712 712 806
798 715 715 802
804 702 702 805
802 716 716 798
796 699 699 801
776 692 692 780
825 697 697 826
791 701 701 794
788 719 719 792
786 717 717 790
803 704 704 809
790 696 696 795
792 705 705 792
781 697 697 785
809 729 729 811
808 718 718 805
795 707 707 799
800 712 712 802
785 714 714 785
796 707 707 795
796 714 714 796
784 701 701 792
813 719 719 814
804 724 724 803
798 709 709 802
781 707 707 781
786 718 718 792
791 709 709 793
790 720 720 796
790 707 707 794
809 733 733 807
793 706 706 804
812 737 737 812
773 671 671 776
813 712 712 812
807 715 715 812
769 680 680 775
787 684 684 793
790 712 712 797
799 724 724 798
781 696 696 789
788 702 702 787
812 713 713 816
793 713 713 797
788 717 717 791
798 701 701 802
796 725 725 799
779 701 701 786
802 726 726 806
792 690 690 801
798 725 725 794
783 698 698 789
819 745 745 825
787 693 693 787
810 722 722 813
801 701 701 805
785 700 700 789
810 716 716 808
803 719 719 803
798 701 701 803
786 695 695 789
772 674 674 774
774 687 687 777
783 699 699 791
796 697 697 799
790 702 702 795
797 711 711 800
805 714 714 808
788 692 692 795
788 703 703 789
798 698 698 798
809 717 717 810
787 719 719 788
806 712 712 811
783 690 690 784
770 674 674 775
803 712 712 803
774 687 687 776
792 709 709 793
801 720 720 805
806 721 721 816
785 719 719 791
786 706 706 789
813 713 713 818
790 709 709 794
796 713 713 802
803 722 722 808
813 726 726 819
817 732 732 815
789 713 713 795
813 732 732 817
791 711 711 798
820 734 734 822
808 700 700 803
789 686 686 791
778 714 714 782
801 717 717 806
814 735 735 817
806 708 708 810
787 699 699 793
776 685 685 781
797 709 709 802
775 686 686 785
786 693 693 791
780 699 699 784
797 708 708 794
796 701 701 801
797 707 707 796
772 693 693 771
778 701 701 782
797 701 701 802
805 711 711 810
796 731 731 800
779 696 696 782
804 707 707 803
798 709 709 801
803 730 730 808
791 705 705 796
803 719 719 811
775 691 691 785
775 686 686 780
788 707 707 792
790 699 699 793
810 716 716 814
802 709 709 804
802 713 713 802
808 725 725 809
793 702 702 798
796 701 701 798
782 689 689 784
768 708 708 771
780 703 703 791
807 703 703 809
788 728 728 799
800 721 721 803
774 687 687 775
786 712 712 791
802 712 712 811
789 704 704 794
795 709 709 800
797 714 714 801
785 701 701 790
803 722 722 799
787 707 707 794
800 720 720 806
770 680 680 777
817 732 732 820
786 712 712 787
800 701 701 806
799 718 718 795
801 712 712 801
803 731 731 812
796 708 708 797
788 716 716 793
814 745 745 817
787 700 700 793
801 724 724 807
780 686 686 790
796 711 711 802
777 680 680 779
781 691 691 786
799 715 715 806
780 688 688 784
785 691 691 788
794 706 706 798
792 704 704 795
804 725 725 806
802 715 715 801
786 711 711 794
798 712 712 804
797 710 710 799
778 692 692 785
794 707 707 801
788 698 698 789
790 710 710 800
798 700 700 803
795 697 697 799
793 713 713 801
800 708 708 803
807 707 707 814
796 713 713 795
798 718 718 805
789 721 721 795
802 725 725 810
797 710 710 798
816 723 723 816
769 679 679 774
788 707 707 791
806 728 728 802
796 720 720 795
823 731 731 824
793 705 705 796
787 693 693 793
791 679 679 792
794 707 707 802
788 699 699 789
785 701 701 788
796 705 705 798
797 711 711 798
824 732 732 825
794 716 716 803
781 700 700 783
806 727 727 814
782 695 695 789
823 708 708 827
765 676 676 770
788 696 696 783
785 675 675 789
780 697 697 784
794 695 695 794
793 694 694 789
800 709 709 805
765 684 684 767
784 699 699 793
788 701 701 787
781 707 707 787
813 720 720 817
805 737 737 807
786 695 695 786
791 717 717 794
798 710 710 804
808 723 723 811
818 729 729 821
794 716 716 791
779 709 709 785
772 699 699 771
781 696 696 783
796 718 718 799
785 697 697 785
785 707 707 793
801 723 723 802
787 702 702 789
784 696 696 789
781 694 694 787
797 729 729 801
798 705 705 799
798 705 705 802
787 701 701 795
776 682 682 787
803 716 716 808
792 694 694 794
797 699 699 800
782 692 692 787
797 709 709 798
801 712 712 803
806 724 724 816
786 708 708 788
785 685 685 785
788 690 690 789
774 700 700 780
778 689 689 780
809 710 710 812
798 719 719 803
793 689 689 799
792 704 704 793
780 700 700 790
809 737 737 813
816 737 737 818
799 707 707 804
796 710 710 796
801 711 711 800
792 700 700 796
805 727 727 812
808 721 721 810
781 676 676 781
809 722 722 812
795 713 713 801
776 684 684 778
792 712 712 801
794 707 707 799
799 694 694 799
808 726 726 814
808 723 723 815
806 704 704 806
778 683 683 783
813 724 724 814
802 713 713 803
775 688 688 780
804 711 711 804
783 707 707 783
774 689 689 777
797 705 705 797
813 739 739 816
805 727 727 809
821 715 715 820
779 692 692 784
796 715 715 800
803 719 719 809
798 710 710 798
794 709 709 794
797 718 718 798
773 710 710 780
808 730 730 809
810 710 710 815
804 719 719 807
813 721 721 812
797 703 703 800
784 669 669 782
771 686 686 777
794 703 703 796
810 725 725 811
833 737 737 834
794 709 709 794
819 729 729 817
782 701 701 782
803 714 714 815
802 717 717 812
772 681 681 776
793 719 719 795
785 700 700 788
779 678 678 784
781 698 698 787
787 692 692 792
777 680 680 786
795 699 699 799
801 714 714 807
777 700 700 778
802 680 680 805
782 693 693 787
784 693 693 792
803 715 715 804
784 688 688 783
768 667 667 768
789 709 709 790
798 713 713 800
773 682 682 775
781 698 698 785
788 702 702 788
797 701 701 794
801 718 718 803
799 707 707 805
791 701 701 791
785 703 703 789
773 693 693 778
803 719 719 807
819 729 729 823
798 710 710 803
786 686 686 788
813 705 705 816
779 681 681 779
790 695 695 790
795 711 711 798
793 716 716 798
795 717 717 799
789 715 715 796
791 700 700 798
789 711 711 789
803 722 722 805
781 702 702 788
766 669 669 768
797 716 716 800
785 697 697 792
805 707 707 805
798 707 707 802
783 708 708 789
782 693 693 784
837 754 754 838
792 709 709 793
782 685 685 787
808 699 699 810
793 708 708 791
804 720 720 809
822 735 735 826
813 718 718 815
820 743 743 823
789 709 709 792
793 697 697 795
795 697 697 795
808 721 721 815
797 703 703 800
784 699 699 789
782 709 709 786
785 687 687 793
810 714 714 814
790 690 690 796
789 718 718 791
780 713 713 781
790 712 712 796
769 689 689 776
795 695 695 796
798 707 707 803
813 720 720 817
786 705 705 789
786 689 689 789
773 679 679 775
808 713 713 807
779 693 693 780
795 716 716 798
800 705 705 804
814 729 729 814
792 713 713 798
809 719 719 811
789 708 708 790
781 692 692 789
780 698 698 782
774 700 700 773
811 727 727 816
802 709 709 810
798 715 715 798
783 703 703 785
811 724 724 818
801 719 719 805
791 718 718 799
786 717 717 789
786 695 695 794
788 700 700 797
799 728 728 802
784 697 697 784
783 702 702 788
799 715 715 803
821 712 712 826
803 702 702 801
779 702 702 779
785 698 698 790
793 717 717 795
790 723 723 791
786 710 710 789
795 714 714 800
787 716 716 792
791 712 712 794
783 693 693 788
832 729 729 829
806 720 720 806
800 708 708 801
806 719 719 809
791 696 696 793
810 729 729 811
804 718 718 804
791 713 713 794
797 713 713 801
797 704 704 800
815 728 728 819
775 693 693 781
792 688 688 796
786 707 707 791
791 696 696 793
799 709 709 797
787 697 697 792
801 731 731 809
809 707 707 807
802 718 718 804
805 700 700 806
785 694 694 783
813 724 724 815
798 697 697 804
781 691 691 782
800 707 707 802
794 699 699 801
817 732 732 815
798 721 721 807
806 724 724 812
785 705 705 787
778 691 691 784
804 698 698 809
808 716 716 815
773 686 686 774
790 730 730 793
784 690 690 785
789 706 706 796
790 713 713 791
820 732 732 827
801 732 732 808
795 703 703 798
777 691 691 780
794 690 690 796
795 705 705 801
798 708 708 795
810 712 712 814
765 684 684 765
800 706 706 796
795 704 704 801
800 707 707 800
782 694 694 790
801 706 706 800
808 695 695 815
769 704 704 776
781 703 703 786
774 691 691 772
802 722 722 799
792 707 707 799
802 721 721 804
793 715 715 798
755 665 665 759
786 697 697 788
782 709 709 786
783 695 695 788
794 708 708 792
791 701 701 801
792 713 713 799
786 700 700 792
775 687 687 780
797 712 712 799
781 694 694 779
811 729 729 821
806 725 725 809
803 721 721 806
781 715 715 785
800 710 710 805
789 710 710 794
785 706 706 792
778 684 684 777
785 694 694 789
797 703 703 796
760 682 682 762
799 717 717 802
804 721 721 807
762 682 682 767
791 696 696 791
784 704 704 794
781 695 695 782
791 695 695 793
803 723 723 805
804 725 725 812
799 708 708 805
799 711 711 804
797 702 702 797
781 712 712 785
820 747 747 820
811 708 708 809
802 717 717 801
798 724 724 802
798 696 696 802
799 730 730 806
787 705 705 794
786 700 700 784
782 697 697 786
794 704 704 801
794 714 714 796
780 707 707 781
810 721 721 813
797 729 729 803
790 696 696 794
793 703 703 795
794 715 715 804
797 724 724 801
794 704 704 800
794 704 704 801
778 687 687 782
782 693 693 791
764 674 674 766
793 712 712 797
807 742 742 809
819 733 733 821
794 698 698 794
799 705 705 800
786 701 701 787
816 730 730 822
788 698 698 792
786 709 709 784
807 703 703 803
787 694 694 789
797 705 705 799
788 695 695 793
818 738 738 817
767 703 703 772
804 712 712 809
775 684 684 772
787 705 705 794
790 712 712 793
780 704 704 789
764 693 693 775
779 707 707 785
793 724 724 798
799 705 705 802
803 709 709 803
791 713 713 797
800 711 711 804
801 711 711 802
790 715 715 793
787 704 704 793
815 727 727 818
787 711 711 786
762 683 683 767
809 721 721 814
798 718 718 803
801 713 713 806
775 694 694 779
774 682 682 777
781 712 712 787
788 694 694 790
783 694 694 788
801 710 710 801
782 679 679 782
794 717 717 800
804 730 730 809
784 702 702 786
792 716 716 798
784 692 692 782
804 721 721 811
792 691 691 794
816 725 725 817
794 710 710 800
806 716 716 811
793 712 712 797
779 696 696 783
774 685 685 777
795 689 689 798
799 723 723 807
801 739 739 807
809 707 707 811
785 707 707 794
794 704 704 793
814 715 715 816
760 681 681 759
833 749 749 834
792 713 713 800
792 711 711 803
797 707 707 804
791 715 715 793
790 702 702 792
818 716 716 819
786 688 688 790
792 710 710 799
789 691 691 793
800 714 714 806
796 721 721 802
781 692 692 782
798 696 696 806
780 702 702 789
809 717 717 811
782 716 716 783
792 706 706 796
779 692 692 781
794 708 708 790
777 686 686 778
777 705 705 785
772 697 697 777
789 715 715 791
787 692 692 793
770 687 687 779
787 720 720 787
803 703 703 807
792 702 702 792
783 704 704 792
786 696 696 789
811 725 725 813
801 704 704 807
801 710 710 803
776 684 684 780
808 716 716 807
774 690 690 774
809 734 734 812
792 710 710 792
796 698 698 801
801 714 714 803
788 705 705 790
786 699 699 792
799 705 705 802
800 703 703 806
794 710 710 795
794 713 713 795
788 701 701 797
784 703 703 785
808 735 735 817
788 704 704 792
780 706 706 787
809 731 731 812
774 697 697 771
804 723 723 812
835 743 743 840
804 706 706 808
806 713 713 814
794 703 703 796
815 727 727 822
801 697 697 799
813 714 714 819
802 705 705 806
789 720 720 796
793 709 709 794
789 703 703 794
805 709 709 806
767 684 684 771
810 730 730 811
804 719 719 809
782 714 714 787
788 703 703 793
792 700 700 795
783 701 701 785
796 704 704 793
782 704 704 782
804 727 727 802
785 710 710 792
836 732 732 832
779 689 689 779
788 697 697 791
812 726 726 811
805 709 709 808
791 724 724 792
797 699 699 803
764 658 658 764
796 715 715 800
800 702 702 807
791 706 706 796
789 706 706 792
817 736 736 822
802 720 720 800
780 689 689 789
787 700 700 790
787 705 705 789
804 717 717 810
812 738 738 812
803 721 721 809
765 673 673 770
789 699 699 789
800 717 717 807
822 723 723 819
784 697 697 786
789 702 702 793
812 720 720 813
810 733 733 813
795 714 714 798
809 709 709 805
821 732 732 822

